1995.0362765229295;5.01720376203343
1995.1211498973305;2.1737717847541185
1995.1978097193703;-1.516937382337708
1995.2826830937713;-0.13536507588016097
1995.3648186173853;3.376898002879553
1995.4496919917865;4.242714454297935
1995.5318275154004;-0.06437776746519332
1995.6167008898015;0.9750414179322048
1995.7015742642027;3.811472029020485
1995.7837097878166;3.0299335495801265
1995.8685831622176;-1.1405444022537952
1995.9507186858316;-3.1778515588497496
1996.0355920602328;-3.4752510778369037
1996.1204654346338;-2.6175773878380446
1996.1998631074607;-4.189207229581732
1996.2847364818617;-5.862729859404697
1996.3668720054757;-2.130358751328804
1996.4517453798767;-0.217048398341025
1996.5338809034909;-2.8707160628057315
1996.6187542778919;-2.569268783027239
1996.7036276522929;1.9765562411075794
1996.7857631759068;-0.3027749935863917
1996.870636550308;-2.4751393141494873
1996.952772073922;-1.4139022018765781
1997.037645448323;-0.22179594372824102
1997.1225188227243;1.235807576330027
1997.1991786447638;2.0947755437297038
1997.2840520191648;1.7009976031431346
1997.366187542779;3.17996627052673
1997.45106091718;3.5110849485444175
1997.533196440794;0.5581850172363925
1997.618069815195;1.42955281824439
1997.7029431895962;2.831629969706234
1997.7850787132102;-0.4923097807914396
1997.8699520876112;-4.069231428978014
1997.9520876112251;-2.8619519241159534
1998.0369609856264;-3.4618554461510507
1998.1218343600274;2.111263089926562
1998.1984941820672;-2.377174619403738
1998.2833675564682;-1.2221586131318123
1998.3655030800821;2.1393612339849106
1998.4503764544831;2.24955906799904
1998.532511978097;-1.4194543487048936
1998.6173853524983;0.16921237163811179
1998.7022587268993;1.2282275860807264
1998.7843942505133;1.6402485237922142
1998.8692676249145;-0.14301808721290873
1998.9514031485285;0.150295226647916
1999.0362765229295;1.620356197306362
1999.1211498973305;4.680973366947493
1999.1978097193703;0.8621515596238187
1999.2826830937713;-1.5185722787691862
1999.3648186173853;2.3052261640074185
1999.4496919917865;2.401316870813285
1999.5318275154004;-1.3090387000358892
1999.6167008898015;1.273484575158052
1999.7015742642027;2.4200512827983465
1999.7837097878166;-0.987058652797752
1999.8685831622176;-1.9508309330129807
1999.9507186858316;0.22201316505617158
2000.0355920602328;-2.050282602360997
2000.1204654346338;-1.2663809758409645
2000.1998631074607;0.35361688415978465
2000.2847364818617;-0.5775008289902122
2000.3668720054757;1.4042425049225322
2000.4517453798767;1.8938503292100777
2000.5338809034909;-1.2483363984740568
2000.6187542778919;0.5340212495681569
2000.7036276522929;2.164623982799646
2000.7857631759068;1.6211265854071448
2000.870636550308;3.1938261568276403
2000.952772073922;-0.46212703846448405
2001.037645448323;-1.9671095359833568
2001.1225188227243;-0.2588117670997769
2001.1991786447638;3.0618151539889387
2001.2840520191648;-1.5590484891845495
2001.366187542779;2.114928521750354
2001.45106091718;3.253752558370148
2001.533196440794;-1.007467323414166
2001.618069815195;0.14645955578058215
2001.7029431895962;2.059201550265249
2001.7850787132102;0.7752640794496606
2001.8699520876112;-1.5194429800184255
2001.9520876112251;0.8412284504616884
2002.0369609856264;-0.5787513974817124
2002.1218343600274;2.235543151499352
2002.1984941820672;-1.7042329644831604
2002.2833675564682;1.1876067905859442
2002.3655030800821;3.849479750333213
2002.4503764544831;3.408733133104657
2002.532511978097;-0.549415314070065
2002.6173853524983;0.6297091143821105
2002.7022587268993;-0.02138637605548256
2002.7843942505133;-1.8140068587381775
2002.8692676249145;-1.709351341080833
2002.9514031485285;-3.1791262600576258
2003.0362765229295;-1.4998383644731372
2003.1211498973305;-3.9349353116735606
2003.1978097193703;-0.38968297821011033
2003.2826830937713;0.010805420129129245
2003.3648186173853;2.7332658959309093
2003.4496919917865;0.8061895210938801
2003.5318275154004;-2.5291355340398147
2003.6167008898015;-4.766549728283591
2003.7015742642027;-0.7863971255110239
2003.7837097878166;-0.6312376430724194
2003.8685831622176;-0.9828439697893148
2003.9507186858316;-1.359686468914685
2004.0355920602328;-1.7038747492940753
2004.1204654346338;-1.1219918903693344
2004.1998631074607;-1.812936935392279
2004.2847364818617;-2.4970774012445123
2004.3668720054757;-2.2071500228961485
2004.4517453798767;-3.6133673443747405
2004.5338809034909;-5.9142722296185095
2004.6187542778919;-6.292798788690873
2004.7036276522929;-3.7094497321495448
2004.7857631759068;-4.159620342077725
2004.870636550308;-4.283859466043282
2004.952772073922;-1.752532486990628
2005.037645448323;-2.183172927400622
2005.1225188227243;0.9543891820326657
2005.1991786447638;-3.3552086090716307
2005.2840520191648;-5.283603950852028
2005.366187542779;-4.7817826540452915
2005.45106091718;-4.007586783851469
2005.533196440794;-6.1460031210101445
2005.618069815195;-4.2776774842608045
2005.7029431895962;-2.79663256037474
2005.7850787132102;-3.7807597157080113
2005.8699520876112;-4.603947537791896
2005.9520876112251;-3.6921585250651217
2006.0369609856264;-4.194668197235616
2006.1218343600274;-1.4501592320188668
2006.1984941820672;-3.123723819670338
2006.2833675564682;-4.102212510520092
2006.3655030800821;0.008433366728805708
2006.4503764544831;-0.6511602719602834
2006.532511978097;-3.887003149337251
2006.6173853524983;-4.242822387659855
2006.7022587268993;-1.0144988274523652
2006.7843942505133;-1.4882429812569553
2006.8692676249145;-5.796703395274449
2006.9514031485285;-3.4922443602239466
2007.0362765229295;0.24299064541741938
2007.1211498973305;-0.38552472263423504
2007.1978097193703;-1.0620219742926544
2007.2826830937713;-0.08111033214392369
2007.3648186173853;2.0071819853725366
2007.4496919917865;2.398919076071148
2007.5318275154004;-2.6873769717878893
2007.6167008898015;-2.529133989646964
2007.7015742642027;-0.19115367572248332
2007.7837097878166;0.201829817844517
2007.8685831622176;-0.12111987623291062
2007.9507186858316;-1.4603089813148353
2008.0355920602328;0.03084095085546107
2008.1204654346338;2.5429132218674035
2008.1998631074607;-0.10506362822379559
2008.2847364818617;-0.8871099385260255
2008.3668720054757;1.1242263331765763
2008.4517453798767;-1.1523803632063516
2008.5338809034909;-4.149812181911548
2008.6187542778919;-2.6654881187099293
2008.7036276522929;2.090078383163024
2008.7857631759068;1.7712040960322688
2008.870636550308;0.013352858993243705
2008.952772073922;-3.1120087292050695
2009.037645448323;-0.16956970205024152
2009.1225188227243;-1.8759651285394814
2009.1991786447638;-4.3267021065625135
2009.2840520191648;-2.5034231538711698
2009.366187542779;0.5024621575827233
2009.45106091718;0.7749972463296999
2009.533196440794;-2.6216693236149147
2009.618069815195;-3.3779796673300937
2009.7029431895962;2.002279946874302
2009.7850787132102;0.8617198250721763
2009.8699520876112;-0.020095591274071206
2009.9520876112251;0.21890473626500623
2010.0369609856264;1.8922190357236537
2010.1218343600274;-0.2922594723090321
2010.1984941820672;-6.1666078044148875
2010.2833675564682;-6.267756822967402
2010.3655030800821;-1.8173380209376577
2010.4503764544831;-0.13997512229808676
2010.532511978097;-2.859742382041295
2010.6173853524983;-0.7721589872929528
2010.7022587268993;0.9767703046700323
2010.7843942505133;0.06552169029597141
2010.8692676249145;-3.9172325998814586
2010.9514031485285;-2.4631562914704657
2011.0362765229295;-7.378598098805698
2011.1211498973305;-6.2139203016444835
2011.1978097193703;-3.3619966002228443
2011.2826830937713;-3.0605488163246424
2011.3648186173853;0.9304850907752744
2011.4496919917865;0.15796549326649797
2011.5318275154004;-2.6033032699144676
2011.6167008898015;0.22061239049404116
2011.7015742642027;1.4126564176431262
2011.7837097878166;2.014823809033222
2011.8685831622176;-1.040823177275229
2011.9507186858316;1.2234123151744036
2012.0355920602328;2.7450995695082816
2012.1204654346338;3.2055483023837414
2012.1998631074607;2.2622289957431367
2012.2847364818617;4.202494566811749
2012.3668720054757;4.622247060596802
2012.4517453798767;5.720476020936882
2012.5338809034909;1.9943336011253996
2012.6187542778919;1.0870377072748465
2012.7036276522929;4.421507477355596
2012.7857631759068;3.316180446883626
2012.870636550308;0.3647770017115588
2012.952772073922;-0.6681088630115364
2013.037645448323;-1.7105221573026508
2013.1225188227243;0.35025242820533214
2013.1991786447638;-1.1524776106747574
2013.2840520191648;-3.4124649534760625
2013.366187542779;2.1940767379234067
2013.45106091718;1.2135567673193564
2013.533196440794;-2.013521735987742
2013.618069815195;0.7358183158245607
2013.7029431895962;1.7003934223348611
2013.7850787132102;1.2682551674078772
2013.8699520876112;-0.02285463440136956
2013.9520876112251;1.0598454352462916
2014.0369609856264;2.903136907914129
2014.1218343600274;1.3419767665878146
2014.1984941820672;3.2277950907078794
2014.2833675564682;1.1926342561082335
2014.3655030800821;6.355604863328719
2014.4503764544831;5.643801211257493
2014.532511978097;1.872594792895834
2014.6173853524983;3.078859672477536
2014.7022587268993;5.852684189859253
2014.7843942505133;4.951874682912565
2014.8692676249145;3.100816088887882
2014.9514031485285;2.2606088507915163
2015.0362765229295;2.639393712231365
2015.1211498973305;2.3601194667831273
2015.1978097193703;0.6150745676783136
2015.2826830937713;1.8554071490825503
2015.3648186173853;6.31264795299978
2015.4496919917865;4.881610215519582
2015.5318275154004;0.9486064301215813
2015.6167008898015;1.6082381136399433
2015.7015742642027;5.0094925133189525
2015.7837097878166;4.254196646390445
2015.8685831622176;1.308048817488384
2015.9507186858316;3.960757302864852
2016.0355920602328;7.336469570943562
2016.1204654346338;8.696744200886807
2016.1998631074607;2.80955125409637
2016.2847364818617;4.789663903898129
2016.3668720054757;6.572574548026407
2016.4517453798767;6.0683791123973485
2016.5338809034909;2.667440426104586
2016.6187542778919;2.484390233239226
2016.7036276522929;4.97338038735598
2016.7857631759068;2.005294539732821
2016.870636550308;0.7288246165691132
2016.952772073922;-1.5252203952526424
