1995.2826830937713	-0.19657157361507416
1995.3648186173853	3.394995927810669
1995.4496919917865	4.15612268447876
1995.5318275154004	-1.3002201318740845
1995.6167008898015	1.1587185859680176
1995.7015742642027	-0.2422781139612198
1995.7837097878166	0.8138024806976318
1995.8685831622176	-3.507246732711792
1995.9507186858316	-3.7013626098632812
1996.0355920602328	-4.373409271240234
1996.1204654346338	2.051464557647705
1996.1998631074607	-8.21809196472168
1996.2847364818617	-3.1197898387908936
1996.3668720054757	-2.489527940750122
1996.4517453798767	0.8702526688575745
1996.5338809034909	-4.261998176574707
1996.6187542778919	-4.11944580078125
1996.7036276522929	1.88826584815979
1996.7857631759068	-0.20910292863845825
1996.870636550308	-3.216097831726074
1996.952772073922	-3.937500476837158
1997.037645448323	1.3462302684783936
1997.1225188227243	-0.13280843198299408
1997.1991786447638	3.5221495628356934
1997.2840520191648	-2.843310594558716
1997.366187542779	0.13387058675289154
1997.45106091718	4.481049537658691
1997.533196440794	-0.8906396627426147
1997.618069815195	-0.2786206007003784
1997.7029431895962	-0.8063969612121582
1997.7850787132102	1.0607924461364746
1997.8699520876112	2.8425893783569336
1997.9520876112251	0.05267179012298584
1998.0369609856264	5.382939338684082
1998.1218343600274	-2.141908645629883
1998.1984941820672	-3.959742546081543
1998.2833675564682	-3.405653238296509
1998.3655030800821	4.729864597320557
1998.4503764544831	-1.5783896446228027
1998.532511978097	-1.5650689601898193
1998.6173853524983	-0.523603618144989
1998.7022587268993	2.883033037185669
1998.7843942505133	2.6898059844970703
1998.8692676249145	-3.681891679763794
1998.9514031485285	1.5326427221298218
1999.0362765229295	-4.125936985015869
1999.1211498973305	5.341121673583984
1999.1978097193703	-1.9790529012680054
1999.2826830937713	0.6454482674598694
1999.3648186173853	4.823470592498779
1999.4496919917865	-2.610321283340454
1999.5318275154004	0.47053998708724976
1999.6167008898015	1.306526780128479
1999.7015742642027	2.7307093143463135
1999.7837097878166	-0.7305892109870911
1999.8685831622176	-2.2311487197875977
1999.9507186858316	-2.8729426860809326
2000.0355920602328	-1.9260441064834595
2000.1204654346338	5.819587707519531
2000.1998631074607	-2.3123838901519775
2000.2847364818617	-1.4482166767120361
2000.3668720054757	-3.0899622440338135
2000.4517453798767	0.5192004442214966
2000.5338809034909	-0.24864836037158966
2000.6187542778919	-3.0586133003234863
2000.7036276522929	-0.5238032937049866
2000.7857631759068	0.8266520500183105
2000.870636550308	2.84591007232666
2000.952772073922	-1.5803991556167603
2001.037645448323	3.390411615371704
2001.1225188227243	3.2898647785186768
2001.1991786447638	-2.856736183166504
2001.2840520191648	-5.193233489990234
2001.366187542779	2.0356040000915527
2001.45106091718	2.047685384750366
2001.533196440794	1.684960961341858
2001.618069815195	-1.839821457862854
2001.7029431895962	2.5238351821899414
2001.7850787132102	2.452998638153076
2001.8699520876112	-2.250950574874878
2001.9520876112251	1.42159903049469
2002.0369609856264	0.8392217755317688
2002.1218343600274	-3.4435794353485107
2002.1984941820672	-0.6155970692634583
2002.2833675564682	-5.359095573425293
2002.3655030800821	4.407251358032227
2002.4503764544831	1.7606589794158936
2002.532511978097	-3.0595743656158447
2002.6173853524983	-0.01740191876888275
2002.7022587268993	-0.582025945186615
2002.7843942505133	-2.384392499923706
2002.8692676249145	-4.236732482910156
2002.9514031485285	-1.9270596504211426
2003.0362765229295	-1.9607101678848267
2003.1211498973305	-7.789178848266602
2003.1978097193703	2.711280345916748
2003.2826830937713	-2.155510425567627
2003.3648186173853	-1.3438210487365723
2003.4496919917865	3.3446428775787354
2003.5318275154004	-3.6051125526428223
2003.6167008898015	-2.434098243713379
2003.7015742642027	1.7031981945037842
2003.7837097878166	1.8424253463745117
2003.8685831622176	-0.40782397985458374
2003.9507186858316	2.022820234298706
2004.0355920602328	2.452924966812134
2004.1204654346338	1.437014102935791
2004.1998631074607	-4.215005874633789
2004.2847364818617	-5.363528251647949
2004.3668720054757	-1.61367928981781
2004.4517453798767	-1.690508484840393
2004.5338809034909	-6.47888708114624
2004.6187542778919	-3.832833766937256
2004.7036276522929	-3.143551826477051
2004.7857631759068	1.4677667617797852
2004.870636550308	-3.6836376190185547
2004.952772073922	-2.8101823329925537
2005.037645448323	-3.4981791973114014
2005.1225188227243	-2.1215147972106934
2005.1991786447638	-5.634343147277832
2005.2840520191648	1.0063281059265137
2005.366187542779	-3.0933990478515625
2005.45106091718	-0.491777628660202
2005.533196440794	-3.4097704887390137
2005.618069815195	-8.32804012298584
2005.7029431895962	-3.300246000289917
2005.7850787132102	1.8672257661819458
2005.8699520876112	-4.459768295288086
2005.9520876112251	2.960214376449585
2006.0369609856264	-1.8755643367767334
2006.1218343600274	-0.9282203316688538
2006.1984941820672	0.3616250157356262
2006.2833675564682	-0.941312313079834
2006.3655030800821	-2.9565556049346924
2006.4503764544831	2.7094783782958984
2006.532511978097	-3.713191270828247
2006.6173853524983	-0.7016939520835876
2006.7022587268993	-1.174405813217163
2006.7843942505133	-3.622436285018921
2006.8692676249145	0.02041882649064064
2006.9514031485285	-2.7690656185150146
2007.0362765229295	-2.091217041015625
2007.1211498973305	3.6130964756011963
2007.1978097193703	-0.6054027080535889
2007.2826830937713	-2.0910966396331787
2007.3648186173853	2.940497875213623
2007.4496919917865	0.7266576886177063
2007.5318275154004	-0.8927271366119385
2007.6167008898015	1.9149681329727173
2007.7015742642027	3.9927608966827393
2007.7837097878166	-0.3997410833835602
2007.8685831622176	-1.4359298944473267
2007.9507186858316	-0.04581799358129501
2008.0355920602328	-4.971407413482666
2008.1204654346338	1.3961914777755737
2008.1998631074607	-4.111429214477539
2008.2847364818617	4.676394462585449
2008.3668720054757	1.0848535299301147
2008.4517453798767	2.27291202545166
2008.5338809034909	0.10969113558530807
2008.6187542778919	-1.6892484426498413
2008.7036276522929	7.601240158081055
2008.7857631759068	0.23753847181797028
2008.870636550308	-0.3919585645198822
2008.952772073922	1.3852628469467163
2009.037645448323	0.7722718119621277
2009.1225188227243	1.2722185850143433
2009.1991786447638	-0.17474834620952606
2009.2840520191648	1.8250668048858643
2009.366187542779	3.6025495529174805
2009.45106091718	-0.4719891846179962
2009.533196440794	-2.614717483520508
2009.618069815195	-0.34605345129966736
2009.7029431895962	1.3060591220855713
2009.7850787132102	4.159408092498779
2009.8699520876112	-0.6537017226219177
2009.9520876112251	-1.5938940048217773
2010.0369609856264	4.209683895111084
2010.1218343600274	3.737868309020996
2010.1984941820672	2.1167843341827393
2010.2833675564682	-4.620847702026367
2010.3655030800821	2.8918488025665283
2010.4503764544831	-1.5650221109390259
2010.532511978097	-4.447605609893799
2010.6173853524983	-0.194481760263443
2010.7022587268993	4.898693084716797
2010.7843942505133	-1.4283299446105957
2010.8692676249145	-3.391587495803833
2010.9514031485285	-5.847498893737793
2011.0362765229295	-3.1696856021881104
2011.1211498973305	-3.9844393730163574
2011.1978097193703	0.4054657518863678
2011.2826830937713	0.15583288669586182
2011.3648186173853	0.4313826262950897
2011.4496919917865	3.466735363006592
2011.5318275154004	-5.085371494293213
2011.6167008898015	-0.02367989532649517
2011.7015742642027	6.3867506980896
2011.7837097878166	-2.1646058559417725
2011.8685831622176	0.13368290662765503
2011.9507186858316	-2.970719337463379
2012.0355920602328	1.233506441116333
2012.1204654346338	9.386785507202148
2012.1998631074607	6.010112762451172
2012.2847364818617	3.6036148071289062
2012.3668720054757	9.884929656982422
2012.4517453798767	8.711127281188965
2012.5338809034909	2.963376998901367
2012.6187542778919	2.6629011631011963
2012.7036276522929	3.5527639389038086
2012.7857631759068	-0.8496516346931458
2012.870636550308	-5.423058986663818
2012.952772073922	1.9475206136703491
2013.037645448323	4.947830677032471
2013.1225188227243	-0.10562828928232193
2013.1991786447638	1.3538211584091187
2013.2840520191648	2.4280693531036377
2013.366187542779	2.5495362281799316
2013.45106091718	1.665218472480774
2013.533196440794	-0.9171037077903748
2013.618069815195	0.5281083583831787
2013.7029431895962	-0.8393861651420593
2013.7850787132102	-0.9608371257781982
2013.8699520876112	3.5757038593292236
2013.9520876112251	-0.687341570854187
2014.0369609856264	-0.7617347240447998
2014.1218343600274	1.553993582725525
2014.1984941820672	-1.0015660524368286
2014.2833675564682	-4.3126301765441895
2014.3655030800821	7.171550273895264
2014.4503764544831	6.086855888366699
2014.532511978097	-0.2075873613357544
2014.6173853524983	0.010693917982280254
2014.7022587268993	2.864497184753418
2014.7843942505133	2.2718875408172607
2014.8692676249145	2.868119955062866
2014.9514031485285	-1.1840192079544067
2015.0362765229295	-1.7708507776260376
2015.1211498973305	2.330812454223633
2015.1978097193703	-0.5354780554771423
2015.2826830937713	1.107674479484558
2015.3648186173853	-0.6991168856620789
2015.4496919917865	1.6137365102767944
2015.5318275154004	0.9020043015480042
2015.6167008898015	1.133122205734253
2015.7015742642027	0.37544605135917664
2015.7837097878166	7.593204021453857
2015.8685831622176	1.8196207284927368
2015.9507186858316	2.9746711254119873
2016.0355920602328	4.963689804077148
2016.1204654346338	-1.4989897012710571
2016.1998631074607	4.192624568939209
2016.2847364818617	1.398463487625122
2016.3668720054757	5.79727029800415
2016.4517453798767	2.6579110622406006
2016.5338809034909	0.5299847722053528
2016.6187542778919	1.2735540866851807
2016.7036276522929	4.042515754699707
2016.7857631759068	-0.3849166929721832
2016.870636550308	-0.3397381901741028
2016.952772073922	-2.8598625659942627
2017.037645448323	-4.38104248046875
2017.1225188227243	-5.95727014541626
2017.1991786447638	-4.10258150100708
