1995.0362765229295	3.4126434326171875
1995.1211498973305	-4.011723518371582
1995.1978097193703	2.6609597206115723
1995.2826830937713	1.9552085399627686
1995.3648186173853	2.067309617996216
1995.4496919917865	4.419629096984863
1995.5318275154004	3.7461154460906982
1995.6167008898015	3.8332345485687256
1995.7015742642027	3.1692779064178467
1995.7837097878166	6.739004135131836
1995.8685831622176	-1.5612483024597168
1995.9507186858316	-0.3876306116580963
1996.0355920602328	-4.137131214141846
1996.1204654346338	0.4629878103733063
1996.1998631074607	-5.238412380218506
1996.2847364818617	-6.684217929840088
1996.3668720054757	-3.5203635692596436
1996.4517453798767	1.1877411603927612
1996.5338809034909	-2.4458398818969727
1996.6187542778919	0.7223794460296631
1996.7036276522929	3.7118141651153564
1996.7857631759068	-1.544723629951477
1996.870636550308	2.6713674068450928
1996.952772073922	-2.0222485065460205
1997.037645448323	-1.580855369567871
1997.1225188227243	5.221475601196289
1997.1991786447638	-1.0163836479187012
1997.2840520191648	-0.03736912086606026
1997.366187542779	2.2698776721954346
1997.45106091718	4.852665424346924
1997.533196440794	0.5605144500732422
1997.618069815195	0.5741277933120728
1997.7029431895962	2.578744649887085
1997.7850787132102	-0.6041613817214966
1997.8699520876112	-7.581387519836426
1997.9520876112251	-7.156474590301514
1998.0369609856264	-2.8143692016601562
1998.1218343600274	10.268928527832031
1998.1984941820672	0.19292303919792175
1998.2833675564682	-1.8350839614868164
1998.3655030800821	0.9861741662025452
1998.4503764544831	-0.32119378447532654
1998.532511978097	-4.547824859619141
1998.6173853524983	2.665379047393799
1998.7022587268993	0.3641040325164795
1998.7843942505133	0.09191814064979553
1998.8692676249145	0.5478396415710449
1998.9514031485285	0.9026838541030884
1999.0362765229295	2.714296340942383
1999.1211498973305	5.346536159515381
1999.1978097193703	-0.910183310508728
1999.2826830937713	-7.294683456420898
1999.3648186173853	8.169394493103027
1999.4496919917865	3.8273489475250244
1999.5318275154004	-2.7135891914367676
1999.6167008898015	1.535071611404419
1999.7015742642027	1.7035231590270996
1999.7837097878166	-4.447297096252441
1999.8685831622176	-3.951404333114624
1999.9507186858316	-0.9636505246162415
2000.0355920602328	2.203145742416382
2000.1204654346338	-2.259970188140869
2000.1998631074607	1.018298625946045
2000.2847364818617	1.7548856735229492
2000.3668720054757	-1.2106608152389526
2000.4517453798767	1.7339675426483154
2000.5338809034909	-1.8724722862243652
2000.6187542778919	1.7645245790481567
2000.7036276522929	-1.7806694507598877
2000.7857631759068	8.06594181060791
2000.870636550308	5.068798065185547
2000.952772073922	-3.350227117538452
2001.037645448323	-0.34759947657585144
2001.1225188227243	-1.5893447399139404
2001.1991786447638	5.729005813598633
2001.2840520191648	-1.0035322904586792
2001.366187542779	3.7832467555999756
2001.45106091718	0.5819618701934814
2001.533196440794	0.03837062418460846
2001.618069815195	1.3331408500671387
2001.7029431895962	4.220631122589111
2001.7850787132102	-0.9737322330474854
2001.8699520876112	-1.6296589374542236
2001.9520876112251	2.2690207958221436
2002.0369609856264	0.054446250200271606
2002.1218343600274	2.015305280685425
2002.1984941820672	-4.303071975708008
2002.2833675564682	1.3162373304367065
2002.3655030800821	3.0913093090057373
2002.4503764544831	2.19509220123291
2002.532511978097	-1.0675338506698608
2002.6173853524983	1.431416392326355
2002.7022587268993	-1.1133685111999512
2002.7843942505133	-3.835528612136841
2002.8692676249145	-3.5624306201934814
2002.9514031485285	-3.8643407821655273
2003.0362765229295	-7.227250099182129
2003.1211498973305	-11.523982048034668
2003.1978097193703	-1.245030403137207
2003.2826830937713	0.35031768679618835
2003.3648186173853	3.008002758026123
2003.4496919917865	0.30957525968551636
2003.5318275154004	-2.5310275554656982
2003.6167008898015	-8.321918487548828
2003.7015742642027	-0.7497729063034058
2003.7837097878166	1.516802191734314
2003.8685831622176	5.784457206726074
2003.9507186858316	-0.34821680188179016
2004.0355920602328	-3.4498074054718018
2004.1204654346338	-4.8978471755981445
2004.1998631074607	3.051992893218994
2004.2847364818617	-7.388158321380615
2004.3668720054757	-1.7487409114837646
2004.4517453798767	-2.884577751159668
2004.5338809034909	-8.474028587341309
2004.6187542778919	-6.305600166320801
2004.7036276522929	-3.444830894470215
2004.7857631759068	-1.2363758087158203
2004.870636550308	-9.128823280334473
2004.952772073922	0.8915774822235107
2005.037645448323	-0.6463586091995239
2005.1225188227243	6.174995422363281
2005.1991786447638	-8.964935302734375
2005.2840520191648	-5.7129950523376465
2005.366187542779	-3.68593430519104
2005.45106091718	-1.972536563873291
2005.533196440794	-3.5426080226898193
2005.618069815195	-0.8211967349052429
2005.7029431895962	-0.10096947103738785
2005.7850787132102	-3.2804293632507324
2005.8699520876112	-4.007249355316162
2005.9520876112251	-2.5357825756073
2006.0369609856264	-7.161703109741211
2006.1218343600274	-2.3405134677886963
2006.1984941820672	-3.7198984622955322
2006.2833675564682	-1.4431220293045044
2006.3655030800821	-0.5429707169532776
2006.4503764544831	0.38908928632736206
2006.532511978097	-5.2491559982299805
2006.6173853524983	-2.9917731285095215
2006.7022587268993	-1.582543969154358
2006.7843942505133	0.6401531100273132
2006.8692676249145	-6.068775177001953
2006.9514031485285	-2.257155179977417
2007.0362765229295	-0.39143624901771545
2007.1211498973305	-3.1962995529174805
2007.1978097193703	-0.16186782717704773
2007.2826830937713	1.929452657699585
2007.3648186173853	2.6140573024749756
2007.4496919917865	1.3114193677902222
2007.5318275154004	-3.6153247356414795
2007.6167008898015	-2.9569389820098877
2007.7015742642027	-0.5912172198295593
2007.7837097878166	-0.692288875579834
2007.8685831622176	1.3840467929840088
2007.9507186858316	1.3970856666564941
2008.0355920602328	1.651525616645813
2008.1204654346338	1.9163357019424438
2008.1998631074607	-4.924564361572266
2008.2847364818617	1.0083614587783813
2008.3668720054757	0.18354403972625732
2008.4517453798767	-1.2906076908111572
2008.5338809034909	-5.327735424041748
2008.6187542778919	-4.655927658081055
2008.7036276522929	2.853437662124634
2008.7857631759068	3.0423386096954346
2008.870636550308	-0.11611498147249222
2008.952772073922	-6.799083709716797
2009.037645448323	-3.7877047061920166
2009.1225188227243	-2.7347402572631836
2009.1991786447638	-4.255210876464844
2009.2840520191648	-2.62330961227417
2009.366187542779	-0.0012347785523161292
2009.45106091718	-2.8589396476745605
2009.533196440794	-3.205253839492798
2009.618069815195	-6.225983619689941
2009.7029431895962	4.229189872741699
2009.7850787132102	-2.2498741149902344
2009.8699520876112	1.1578961610794067
2009.9520876112251	-3.168943166732788
2010.0369609856264	1.5348758697509766
2010.1218343600274	2.127504348754883
2010.1984941820672	-4.126139163970947
2010.2833675564682	-4.369765758514404
2010.3655030800821	-2.175741672515869
2010.4503764544831	0.0796835869550705
2010.532511978097	-0.4703819751739502
2010.6173853524983	-2.1001393795013428
2010.7022587268993	0.48761874437332153
2010.7843942505133	-3.2328498363494873
2010.8692676249145	-5.966839790344238
2010.9514031485285	-7.956472873687744
2011.0362765229295	-5.131956577301025
2011.1211498973305	-7.185905933380127
2011.1978097193703	0.9279292225837708
2011.2826830937713	-4.4463582038879395
2011.3648186173853	0.6655246019363403
2011.4496919917865	2.7955100536346436
2011.5318275154004	-0.002692972309887409
2011.6167008898015	-1.2634955644607544
2011.7015742642027	3.721712112426758
2011.7837097878166	-1.210153579711914
2011.8685831622176	-1.5753173828125
2011.9507186858316	3.179260015487671
2012.0355920602328	0.012650171294808388
2012.1204654346338	3.3790225982666016
2012.1998631074607	2.607052803039551
2012.2847364818617	1.825818657875061
2012.3668720054757	5.598268508911133
2012.4517453798767	8.502445220947266
2012.5338809034909	1.0042037963867188
2012.6187542778919	-1.0602164268493652
2012.7036276522929	4.434055805206299
2012.7857631759068	2.1146581172943115
2012.870636550308	-3.879848003387451
2012.952772073922	-1.3135923147201538
2013.037645448323	-2.095766067504883
2013.1225188227243	-1.9921568632125854
2013.1991786447638	-7.27236270904541
2013.2840520191648	-2.2122843265533447
2013.366187542779	3.972066879272461
2013.45106091718	1.6320098638534546
2013.533196440794	-3.612454891204834
2013.618069815195	0.29013654589653015
2013.7029431895962	0.7297852039337158
2013.7850787132102	4.900602340698242
2013.8699520876112	-0.8290306925773621
2013.9520876112251	3.217008113861084
2014.0369609856264	8.204549789428711
2014.1218343600274	6.671719551086426
2014.1984941820672	1.1030974388122559
2014.2833675564682	0.8109154105186462
2014.3655030800821	3.2219789028167725
2014.4503764544831	1.7804533243179321
2014.532511978097	4.565220832824707
2014.6173853524983	4.438227653503418
2014.7022587268993	4.148774147033691
2014.7843942505133	5.828197956085205
2014.8692676249145	2.9112465381622314
2014.9514031485285	6.854669094085693
2015.0362765229295	7.396646976470947
2015.1211498973305	-0.18746882677078247
2015.1978097193703	3.82875657081604
2015.2826830937713	3.5566327571868896
2015.3648186173853	9.239666938781738
2015.4496919917865	5.088860988616943
2015.5318275154004	0.6673853397369385
2015.6167008898015	-0.45034804940223694
2015.7015742642027	3.292869806289673
2015.7837097878166	5.6656951904296875
2015.8685831622176	2.408172369003296
2015.9507186858316	7.163469314575195
2016.0355920602328	5.206143379211426
2016.1204654346338	10.625587463378906
2016.1998631074607	5.17200231552124
2016.2847364818617	5.562099933624268
2016.3668720054757	4.790071487426758
2016.4517453798767	6.825003147125244
2016.5338809034909	2.031397581100464
2016.6187542778919	1.3268022537231445
2016.7036276522929	4.92399787902832
2016.7857631759068	-0.36729905009269714
2016.870636550308	1.695220947265625
2016.952772073922	-5.121668815612793
