1995.2826830937713	-4.784000396728516
1995.3648186173853	2.0446226596832275
1995.4496919917865	1.430023431777954
1995.5318275154004	-0.4334266781806946
1995.6167008898015	-2.7803215980529785
1995.7015742642027	-0.8957394957542419
1995.7837097878166	4.235263347625732
1995.8685831622176	0.031390946358442307
1995.9507186858316	-8.306827545166016
1996.0355920602328	-2.450399398803711
1996.1204654346338	3.692399740219116
1996.1998631074607	3.875133991241455
1996.2847364818617	-4.217658519744873
1996.3668720054757	-2.6315836906433105
1996.4517453798767	1.5387442111968994
1996.5338809034909	-5.082558631896973
1996.6187542778919	-0.28009846806526184
1996.7036276522929	1.3023711442947388
1996.7857631759068	-1.5610135793685913
1996.870636550308	-9.674581527709961
1996.952772073922	0.9522135853767395
1997.037645448323	-1.768843650817871
1997.1225188227243	2.809892416000366
1997.1991786447638	2.016977548599243
1997.2840520191648	-4.4106879234313965
1997.366187542779	3.8541884422302246
1997.45106091718	3.116234540939331
1997.533196440794	-0.8799849152565002
1997.618069815195	2.636507034301758
1997.7029431895962	1.1933622360229492
1997.7850787132102	-3.497377634048462
1997.8699520876112	-6.705397605895996
1997.9520876112251	1.886910080909729
1998.0369609856264	-1.77135169506073
1998.1218343600274	1.1738375425338745
1998.1984941820672	-3.201059341430664
1998.2833675564682	1.7195111513137817
1998.3655030800821	3.287916421890259
1998.4503764544831	3.598195791244507
1998.532511978097	-0.5940240025520325
1998.6173853524983	1.3238574266433716
1998.7022587268993	1.41582453250885
1998.7843942505133	0.6459377408027649
1998.8692676249145	-1.3675726652145386
1998.9514031485285	1.8701870441436768
1999.0362765229295	-0.5144835114479065
1999.1211498973305	1.7543586492538452
1999.1978097193703	-4.301792621612549
1999.2826830937713	0.5934901237487793
1999.3648186173853	1.1741772890090942
1999.4496919917865	-1.0160731077194214
1999.5318275154004	-7.768589019775391
1999.6167008898015	-1.9691145420074463
1999.7015742642027	5.228721618652344
1999.7837097878166	1.760615348815918
1999.8685831622176	0.6133319735527039
1999.9507186858316	0.586903989315033
2000.0355920602328	-0.5376086235046387
2000.1204654346338	-0.22970828413963318
2000.1998631074607	-5.060054779052734
2000.2847364818617	0.9797890186309814
2000.3668720054757	2.1240487098693848
2000.4517453798767	0.2552313208580017
2000.5338809034909	-2.3769397735595703
2000.6187542778919	-1.3081520795822144
2000.7036276522929	0.5401272773742676
2000.7857631759068	5.434154510498047
2000.870636550308	2.9019174575805664
2000.952772073922	-3.148165464401245
2001.037645448323	-0.962816596031189
2001.1225188227243	-0.7924990057945251
2001.1991786447638	0.5372227430343628
2001.2840520191648	-2.662381887435913
2001.366187542779	1.4194831848144531
2001.45106091718	4.742547988891602
2001.533196440794	-2.733672857284546
2001.618069815195	0.01671086810529232
2001.7029431895962	2.5455634593963623
2001.7850787132102	-0.6806729435920715
2001.8699520876112	-0.7025725245475769
2001.9520876112251	0.0836603045463562
2002.0369609856264	5.176457405090332
2002.1218343600274	-0.31625431776046753
2002.1984941820672	0.15951552987098694
2002.2833675564682	-6.166499614715576
2002.3655030800821	3.0045359134674072
2002.4503764544831	-1.1302952766418457
2002.532511978097	-1.8373457193374634
2002.6173853524983	-0.7454183101654053
2002.7022587268993	1.4053561687469482
2002.7843942505133	1.1444453001022339
2002.8692676249145	-3.589866876602173
2002.9514031485285	1.5619356632232666
2003.0362765229295	-4.9881415367126465
2003.1211498973305	1.8780593872070312
2003.1978097193703	-1.8928154706954956
2003.2826830937713	-6.583156108856201
2003.3648186173853	-1.763736367225647
2003.4496919917865	2.9566521644592285
2003.5318275154004	-5.86992073059082
2003.6167008898015	-2.256239175796509
2003.7015742642027	0.818598210811615
2003.7837097878166	-0.5656087398529053
2003.8685831622176	-2.650893449783325
2003.9507186858316	-2.513389825820923
2004.0355920602328	2.0973713397979736
2004.1204654346338	-2.349815845489502
2004.1998631074607	4.406947612762451
2004.2847364818617	1.7575958967208862
2004.3668720054757	1.9103772640228271
2004.4517453798767	2.527073621749878
2004.5338809034909	-4.134025573730469
2004.6187542778919	-5.021638870239258
2004.7036276522929	0.5656698942184448
2004.7857631759068	-1.0781598091125488
2004.870636550308	-3.099785327911377
2004.952772073922	-3.574793815612793
2005.037645448323	-0.9950536489486694
2005.1225188227243	-1.5161798000335693
2005.1991786447638	-0.7334927916526794
2005.2840520191648	-3.110518217086792
2005.366187542779	-3.6148550510406494
2005.45106091718	-0.059864480048418045
2005.533196440794	-2.559654951095581
2005.618069815195	-4.396700859069824
2005.7029431895962	-0.5159085988998413
2005.7850787132102	-2.8366007804870605
2005.8699520876112	-2.0841827392578125
2005.9520876112251	-11.89399528503418
2006.0369609856264	-1.0440171957015991
2006.1218343600274	-0.1184249296784401
2006.1984941820672	-4.253347396850586
2006.2833675564682	-0.6226146221160889
2006.3655030800821	-2.26427960395813
2006.4503764544831	1.085654616355896
2006.532511978097	-0.26796823740005493
2006.6173853524983	-3.1249773502349854
2006.7022587268993	-0.3782641887664795
2006.7843942505133	-1.467788577079773
2006.8692676249145	-1.733141541481018
2006.9514031485285	-0.9420701861381531
2007.0362765229295	2.3035972118377686
2007.1211498973305	2.1723482608795166
2007.1978097193703	-2.669179677963257
2007.2826830937713	3.337249517440796
2007.3648186173853	2.5793352127075195
2007.4496919917865	1.875327467918396
2007.5318275154004	-1.0743894577026367
2007.6167008898015	0.05715655907988548
2007.7015742642027	1.4100841283798218
2007.7837097878166	0.9091744422912598
2007.8685831622176	-3.290832996368408
2007.9507186858316	2.7709763050079346
2008.0355920602328	0.37854766845703125
2008.1204654346338	-1.852042317390442
2008.1998631074607	-1.0887514352798462
2008.2847364818617	1.1184040307998657
2008.3668720054757	2.286684989929199
2008.4517453798767	0.7245829105377197
2008.5338809034909	0.5880945324897766
2008.6187542778919	-1.6107853651046753
2008.7036276522929	5.4916205406188965
2008.7857631759068	4.283304691314697
2008.870636550308	0.5329787135124207
2008.952772073922	4.616689205169678
2009.037645448323	4.477083683013916
2009.1225188227243	-3.349597454071045
2009.1991786447638	-6.688063621520996
2009.2840520191648	1.4959826469421387
2009.366187542779	2.9553816318511963
2009.45106091718	3.64066743850708
2009.533196440794	-2.8592333793640137
2009.618069815195	0.29041144251823425
2009.7029431895962	1.670029640197754
2009.7850787132102	3.5500106811523438
2009.8699520876112	-0.6619362235069275
2009.9520876112251	0.9269149899482727
2010.0369609856264	6.662104606628418
2010.1218343600274	-3.305691719055176
2010.1984941820672	-3.9118545055389404
2010.2833675564682	-4.2264299392700195
2010.3655030800821	1.4342529773712158
2010.4503764544831	-1.0221110582351685
2010.532511978097	0.62254798412323
2010.6173853524983	0.4755248427391052
2010.7022587268993	0.398030549287796
2010.7843942505133	0.5533369183540344
2010.8692676249145	-1.7545791864395142
2010.9514031485285	2.751207113265991
2011.0362765229295	-1.005153775215149
2011.1211498973305	5.806421756744385
2011.1978097193703	-1.40963876247406
2011.2826830937713	-3.680757999420166
2011.3648186173853	2.129326343536377
2011.4496919917865	-0.8436269164085388
2011.5318275154004	1.5052545070648193
2011.6167008898015	-3.1538076400756836
2011.7015742642027	1.5661011934280396
2011.7837097878166	2.1678402423858643
2011.8685831622176	-1.9803804159164429
2011.9507186858316	-1.78896963596344
2012.0355920602328	-1.0216035842895508
2012.1204654346338	5.141726970672607
2012.1998631074607	1.8055846691131592
2012.2847364818617	3.535872220993042
2012.3668720054757	5.160826206207275
2012.4517453798767	2.8169078826904297
2012.5338809034909	0.7803893685340881
2012.6187542778919	1.1380921602249146
2012.7036276522929	5.4014997482299805
2012.7857631759068	1.9169847965240479
2012.870636550308	-1.0045452117919922
2012.952772073922	-1.0094863176345825
2013.037645448323	-6.221304893493652
2013.1225188227243	-2.798353672027588
2013.1991786447638	-0.5132380127906799
2013.2840520191648	1.7102875709533691
2013.366187542779	6.538869857788086
2013.45106091718	3.7149062156677246
2013.533196440794	-1.497629165649414
2013.618069815195	0.5205337405204773
2013.7029431895962	4.084348201751709
2013.7850787132102	-2.1341781616210938
2013.8699520876112	1.5973938703536987
2013.9520876112251	0.9612416625022888
2014.0369609856264	-4.6960368156433105
2014.1218343600274	-4.656244277954102
2014.1984941820672	-3.3290579319000244
2014.2833675564682	-4.80711555480957
2014.3655030800821	3.7693355083465576
2014.4503764544831	3.9385600090026855
2014.532511978097	2.4652180671691895
2014.6173853524983	-0.3257673680782318
2014.7022587268993	-0.40113526582717896
2014.7843942505133	2.592085838317871
2014.8692676249145	5.92958402633667
2014.9514031485285	-1.7148323059082031
2015.0362765229295	4.277950763702393
2015.1211498973305	5.821453094482422
2015.1978097193703	4.4935760498046875
2015.2826830937713	0.8250402212142944
2015.3648186173853	1.8515704870224
2015.4496919917865	1.8193751573562622
2015.5318275154004	-2.8918616771698
2015.6167008898015	3.5919079780578613
2015.7015742642027	3.652700185775757
2015.7837097878166	2.432363748550415
2015.8685831622176	1.5103663206100464
2015.9507186858316	0.7656834721565247
2016.0355920602328	-0.11050071567296982
2016.1204654346338	3.4714112281799316
2016.1998631074607	0.11206427961587906
2016.2847364818617	3.8349602222442627
2016.3668720054757	3.487924814224243
2016.4517453798767	2.9433538913726807
2016.5338809034909	0.9264264106750488
2016.6187542778919	-0.18290825188159943
2016.7036276522929	0.18103283643722534
2016.7857631759068	-3.9868733882904053
2016.870636550308	1.6594759225845337
2016.952772073922	-5.248087406158447
2017.037645448323	-2.833024740219116
2017.1225188227243	0.4743223190307617
2017.1991786447638	2.5042731761932373
