1995.0362765229295	11.863637924194336
1995.1211498973305	7.672110557556152
1995.1978097193703	15.381170272827148
1995.2826830937713	13.656161308288574
1995.3648186173853	15.019974708557129
1995.4496919917865	15.977299690246582
1995.5318275154004	13.34879207611084
1995.6167008898015	15.460465431213379
1995.7015742642027	12.908068656921387
1995.7837097878166	15.152865409851074
1995.8685831622176	8.752464294433594
1995.9507186858316	11.177475929260254
1996.0355920602328	7.632694721221924
1996.1204654346338	11.41148567199707
1996.1998631074607	4.653475284576416
1996.2847364818617	2.3314006328582764
1996.3668720054757	2.266946792602539
1996.4517453798767	4.668021202087402
1996.5338809034909	1.4669195413589478
1996.6187542778919	4.926804542541504
1996.7036276522929	3.759492874145508
1996.7857631759068	2.1643519401550293
1996.870636550308	5.4734907150268555
1996.952772073922	2.8778984546661377
1997.037645448323	1.9126189947128296
1997.1225188227243	5.9824347496032715
1997.1991786447638	1.8232828378677368
1997.2840520191648	0.8720555305480957
1997.366187542779	4.2735161781311035
1997.45106091718	1.7312915325164795
1997.533196440794	-3.921137809753418
1997.618069815195	-5.078860282897949
1997.7029431895962	-6.092418670654297
1997.7850787132102	-8.930319786071777
1997.8699520876112	-12.91692066192627
1997.9520876112251	-11.87704086303711
1998.0369609856264	-10.817103385925293
1998.1218343600274	-2.4376778602600098
1998.1984941820672	-9.24283218383789
1998.2833675564682	-14.782678604125977
1998.3655030800821	-9.154047966003418
1998.4503764544831	-12.459111213684082
1998.532511978097	-14.568196296691895
1998.6173853524983	-9.848027229309082
1998.7022587268993	-0.12060555070638657
1998.7843942505133	0.7213680744171143
1998.8692676249145	-12.424078941345215
1998.9514031485285	-9.401808738708496
1999.0362765229295	-7.63524055480957
1999.1211498973305	1.3609648942947388
1999.1978097193703	-2.9269092082977295
1999.2826830937713	12.00365161895752
1999.3648186173853	23.090667724609375
1999.4496919917865	16.626750946044922
1999.5318275154004	10.135539054870605
1999.6167008898015	13.571951866149902
1999.7015742642027	12.39509391784668
1999.7837097878166	-7.323116302490234
1999.8685831622176	12.067305564880371
1999.9507186858316	14.313165664672852
2000.0355920602328	16.514141082763672
2000.1204654346338	11.098564147949219
2000.1998631074607	12.875497817993164
2000.2847364818617	12.276987075805664
2000.3668720054757	9.271392822265625
2000.4517453798767	11.519914627075195
2000.5338809034909	5.604459285736084
2000.6187542778919	5.849269866943359
2000.7036276522929	0.6705000996589661
2000.7857631759068	7.36376953125
2000.870636550308	4.764257907867432
2000.952772073922	0.9737654328346252
2001.037645448323	2.3806257247924805
2001.1225188227243	3.4322829246520996
2001.1991786447638	5.868712902069092
2001.2840520191648	0.8430042266845703
2001.366187542779	5.58357572555542
2001.45106091718	2.5944502353668213
2001.533196440794	1.2352631092071533
2001.618069815195	1.8324918746948242
2001.7029431895962	2.8539016246795654
2001.7850787132102	2.8189361095428467
2001.8699520876112	1.9377820491790771
2001.9520876112251	4.714210033416748
2002.0369609856264	0.9226752519607544
2002.1218343600274	5.76329231262207
2002.1984941820672	0.801432728767395
2002.2833675564682	4.196844100952148
2002.3655030800821	5.7203474044799805
2002.4503764544831	4.420536994934082
2002.532511978097	1.485331416130066
2002.6173853524983	5.619303226470947
2002.7022587268993	4.677899360656738
2002.7843942505133	4.61973237991333
2002.8692676249145	-0.09614003449678421
2002.9514031485285	0.6576611399650574
2003.0362765229295	-3.1933534145355225
2003.1211498973305	-6.323233127593994
2003.1978097193703	0.0952071025967598
2003.2826830937713	-0.7488957643508911
2003.3648186173853	1.8263612985610962
2003.4496919917865	1.2782008647918701
2003.5318275154004	-0.7116808891296387
2003.6167008898015	-1.5396647453308105
2003.7015742642027	2.809823989868164
2003.7837097878166	1.2282817363739014
2003.8685831622176	2.753969192504883
2003.9507186858316	-0.06784956902265549
2004.0355920602328	-3.20784330368042
2004.1204654346338	-5.35167121887207
2004.1998631074607	0.5803173780441284
2004.2847364818617	-7.7212443351745605
2004.3668720054757	-2.796670436859131
2004.4517453798767	-1.399055004119873
2004.5338809034909	-6.474806308746338
2004.6187542778919	-2.4271628856658936
2004.7036276522929	1.9841387271881104
2004.7857631759068	1.041224479675293
2004.870636550308	-9.556973457336426
2004.952772073922	-1.1330620050430298
2005.037645448323	-3.3174920082092285
2005.1225188227243	2.8624298572540283
2005.1991786447638	-8.712409973144531
2005.2840520191648	7.363138198852539
2005.366187542779	6.936305999755859
2005.45106091718	9.381148338317871
2005.533196440794	5.503581523895264
2005.618069815195	9.512228965759277
2005.7029431895962	7.673211574554443
2005.7850787132102	5.065601825714111
2005.8699520876112	1.096441626548767
2005.9520876112251	3.334282159805298
2006.0369609856264	-1.9192920923233032
2006.1218343600274	1.932829737663269
2006.1984941820672	1.9528752565383911
2006.2833675564682	3.1777329444885254
2006.3655030800821	7.1084771156311035
2006.4503764544831	5.86223030090332
2006.532511978097	0.8905634880065918
2006.6173853524983	2.370006561279297
2006.7022587268993	-0.18340499699115753
2006.7843942505133	1.1705963611602783
2006.8692676249145	-3.7587621212005615
2006.9514031485285	-2.780143976211548
2007.0362765229295	-1.475058674812317
2007.1211498973305	-0.08347319066524506
2007.1978097193703	2.524653673171997
2007.2826830937713	4.627276420593262
2007.3648186173853	5.351680755615234
2007.4496919917865	2.873960256576538
2007.5318275154004	0.06857967376708984
2007.6167008898015	-0.7449797987937927
2007.7015742642027	-1.9837186336517334
2007.7837097878166	-1.2125284671783447
2007.8685831622176	-2.8769948482513428
2007.9507186858316	-2.404479742050171
2008.0355920602328	-4.641006946563721
2008.1204654346338	-2.442499876022339
2008.1998631074607	-6.6652350425720215
2008.2847364818617	-0.6021729707717896
2008.3668720054757	1.5382145643234253
2008.4517453798767	-1.1765389442443848
2008.5338809034909	-5.144075870513916
2008.6187542778919	-8.290236473083496
2008.7036276522929	-5.560751438140869
2008.7857631759068	-5.1323771476745605
2008.870636550308	-5.884147644042969
2008.952772073922	-10.625611305236816
2009.037645448323	-9.667693138122559
2009.1225188227243	-5.46891975402832
2009.1991786447638	-4.2723469734191895
2009.2840520191648	-6.3638081550598145
2009.366187542779	-3.849824905395508
2009.45106091718	-4.034709930419922
2009.533196440794	-4.197915077209473
2009.618069815195	-3.908234119415283
2009.7029431895962	-0.2081558257341385
2009.7850787132102	-1.8646479845046997
2009.8699520876112	0.08441435545682907
2009.9520876112251	-2.527402400970459
2010.0369609856264	-0.765691876411438
2010.1218343600274	-0.5110828876495361
2010.1984941820672	-3.9627604484558105
2010.2833675564682	-9.219300270080566
2010.3655030800821	-7.0258941650390625
2010.4503764544831	-3.738957405090332
2010.532511978097	-4.6219482421875
2010.6173853524983	-5.228953838348389
2010.7022587268993	-3.267820119857788
2010.7843942505133	-3.229832649230957
2010.8692676249145	-5.151245594024658
2010.9514031485285	-6.997440814971924
2011.0362765229295	-8.37386703491211
2011.1211498973305	-11.268040657043457
2011.1978097193703	-8.3519868850708
2011.2826830937713	-10.751169204711914
2011.3648186173853	-6.273766994476318
2011.4496919917865	-2.153226613998413
2011.5318275154004	-3.8252458572387695
2011.6167008898015	-7.773175239562988
2011.7015742642027	3.728990316390991
2011.7837097878166	-1.9455761909484863
2011.8685831622176	-9.201390266418457
2011.9507186858316	-5.8685407638549805
2012.0355920602328	-9.173040390014648
2012.1204654346338	-5.45361328125
2012.1998631074607	-5.48444938659668
2012.2847364818617	-5.828427314758301
2012.3668720054757	-3.0492987632751465
2012.4517453798767	-2.2176144123077393
2012.5338809034909	-8.707062721252441
2012.6187542778919	-8.188419342041016
2012.7036276522929	4.052106857299805
2012.7857631759068	2.0460991859436035
2012.870636550308	-13.393853187561035
2012.952772073922	-11.252389907836914
2013.037645448323	-12.91681957244873
2013.1225188227243	-10.583266258239746
2013.1991786447638	-14.339917182922363
2013.2840520191648	-13.359092712402344
2013.366187542779	-9.409859657287598
2013.45106091718	-9.244328498840332
2013.533196440794	-13.685266494750977
2013.618069815195	-11.657546997070312
2013.7029431895962	0.199441596865654
2013.7850787132102	3.292205810546875
2013.8699520876112	5.887749195098877
2013.9520876112251	10.635916709899902
2014.0369609856264	14.150728225708008
2014.1218343600274	8.855924606323242
2014.1984941820672	1.3372248411178589
2014.2833675564682	1.2653090953826904
2014.3655030800821	6.1927947998046875
2014.4503764544831	4.623180866241455
2014.532511978097	2.6110754013061523
2014.6173853524983	2.6518232822418213
2014.7022587268993	2.9940590858459473
2014.7843942505133	2.982631206512451
2014.8692676249145	11.405067443847656
2014.9514031485285	9.070945739746094
2015.0362765229295	8.882610321044922
2015.1211498973305	-6.3638176918029785
2015.1978097193703	-6.735055923461914
2015.2826830937713	-8.172320365905762
2015.3648186173853	1.2364839315414429
2015.4496919917865	-4.933625221252441
2015.5318275154004	-3.876744270324707
2015.6167008898015	2.822209119796753
2015.7015742642027	7.3267741203308105
2015.7837097878166	8.133685111999512
2015.8685831622176	1.411949872970581
2015.9507186858316	6.198357105255127
2016.0355920602328	7.112587928771973
2016.1204654346338	9.745767593383789
2016.1998631074607	3.8288331031799316
2016.2847364818617	-7.454364776611328
2016.3668720054757	-10.013040542602539
2016.4517453798767	-0.618481457233429
2016.5338809034909	-8.701334953308105
2016.6187542778919	-16.639095306396484
2016.7036276522929	-15.562952995300293
2016.7857631759068	-13.84543514251709
2016.870636550308	-5.059272766113281
2016.952772073922	-18.440406799316406
