1995.0362765229295	13.730916023254395
1995.1211498973305	9.238815307617188
1995.1978097193703	14.862125396728516
1995.2826830937713	14.15240478515625
1995.3648186173853	19.358829498291016
1995.4496919917865	15.518340110778809
1995.5318275154004	12.840157508850098
1995.6167008898015	13.658682823181152
1995.7015742642027	11.664843559265137
1995.7837097878166	10.954867362976074
1995.8685831622176	7.5686564445495605
1995.9507186858316	9.498503684997559
1996.0355920602328	6.35732364654541
1996.1204654346338	6.270808219909668
1996.1998631074607	2.6855852603912354
1996.2847364818617	3.4599456787109375
1996.3668720054757	5.344117641448975
1996.4517453798767	6.840267658233643
1996.5338809034909	0.13937054574489594
1996.6187542778919	1.1613080501556396
1996.7036276522929	3.28106427192688
1996.7857631759068	3.185851573944092
1996.870636550308	1.4122835397720337
1996.952772073922	2.5306613445281982
1997.037645448323	2.1898117065429688
1997.1225188227243	3.5082550048828125
1997.1991786447638	4.140388488769531
1997.2840520191648	5.519646644592285
1997.366187542779	9.416825294494629
1997.45106091718	1.108673095703125
1997.533196440794	-2.987769365310669
1997.618069815195	-3.287687063217163
1997.7029431895962	-6.8874640464782715
1997.7850787132102	-5.834974765777588
1997.8699520876112	-14.070880889892578
1997.9520876112251	-10.000192642211914
1998.0369609856264	-7.500657558441162
1998.1218343600274	-10.641207695007324
1998.1984941820672	-9.648463249206543
1998.2833675564682	-13.914220809936523
1998.3655030800821	-2.685593843460083
1998.4503764544831	-10.968610763549805
1998.532511978097	-13.1056489944458
1998.6173853524983	-10.055684089660645
1998.7022587268993	-2.2929952144622803
1998.7843942505133	0.5474609136581421
1998.8692676249145	-10.549665451049805
1998.9514031485285	-12.845319747924805
1999.0362765229295	-8.1163911819458
1999.1211498973305	2.0260066986083984
1999.1978097193703	-1.0987792015075684
1999.2826830937713	15.676307678222656
1999.3648186173853	25.896371841430664
1999.4496919917865	15.264180183410645
1999.5318275154004	9.55156421661377
1999.6167008898015	13.573948860168457
1999.7015742642027	11.373610496520996
1999.7837097878166	-2.880920886993408
1999.8685831622176	14.806272506713867
1999.9507186858316	16.423973083496094
2000.0355920602328	15.670766830444336
2000.1204654346338	12.12945556640625
2000.1998631074607	10.742023468017578
2000.2847364818617	8.757657051086426
2000.3668720054757	-76.66708374023438
2000.4517453798767	12.573638916015625
2000.5338809034909	6.6240010261535645
2000.6187542778919	4.471138954162598
2000.7036276522929	2.156992197036743
2000.7857631759068	7.2339606285095215
2000.870636550308	3.5922043323516846
2000.952772073922	5.019298076629639
2001.037645448323	0.7691946625709534
2001.1225188227243	3.1594367027282715
2001.1991786447638	3.373953342437744
2001.2840520191648	0.5778852701187134
2001.366187542779	8.959672927856445
2001.45106091718	3.035834312438965
2001.533196440794	-0.5086898803710938
2001.618069815195	2.140117645263672
2001.7029431895962	1.3407751321792603
2001.7850787132102	3.4001688957214355
2001.8699520876112	3.9151034355163574
2001.9520876112251	5.238225936889648
2002.0369609856264	-4.280618190765381
2002.1218343600274	10.742619514465332
2002.1984941820672	3.987764835357666
2002.2833675564682	4.3222432136535645
2002.3655030800821	7.64980411529541
2002.4503764544831	5.567282199859619
2002.532511978097	1.4883726835250854
2002.6173853524983	5.323631286621094
2002.7022587268993	4.120750904083252
2002.7843942505133	8.89574146270752
2002.8692676249145	-1.077101469039917
2002.9514031485285	-0.7077425718307495
2003.0362765229295	0.05448131263256073
2003.1211498973305	-5.288096904754639
2003.1978097193703	-0.2073083072900772
2003.2826830937713	-0.9087737798690796
2003.3648186173853	8.192405700683594
2003.4496919917865	0.8467643857002258
2003.5318275154004	0.1347869485616684
2003.6167008898015	-0.20350128412246704
2003.7015742642027	2.964766263961792
2003.7837097878166	-0.8651483058929443
2003.8685831622176	-1.571706771850586
2003.9507186858316	-1.2287139892578125
2004.0355920602328	-3.8939390182495117
2004.1204654346338	-1.7062989473342896
2004.1998631074607	-1.7085108757019043
2004.2847364818617	-4.371458053588867
2004.3668720054757	1.5402206182479858
2004.4517453798767	-0.9730488657951355
2004.5338809034909	-4.063704490661621
2004.6187542778919	-1.1092772483825684
2004.7036276522929	0.5268976092338562
2004.7857631759068	1.6308826208114624
2004.870636550308	-7.9450883865356445
2004.952772073922	-2.092832326889038
2005.037645448323	-1.3740036487579346
2005.1225188227243	6.638476371765137
2005.1991786447638	-9.052154541015625
2005.2840520191648	5.643284797668457
2005.366187542779	11.491641998291016
2005.45106091718	7.947933673858643
2005.533196440794	3.8896231651306152
2005.618069815195	10.36385726928711
2005.7029431895962	6.746496200561523
2005.7850787132102	5.557064533233643
2005.8699520876112	-1.6705670356750488
2005.9520876112251	0.23148657381534576
2006.0369609856264	-1.7873082160949707
2006.1218343600274	0.43902119994163513
2006.1984941820672	-1.1433515548706055
2006.2833675564682	1.2655112743377686
2006.3655030800821	12.585515975952148
2006.4503764544831	4.9017815589904785
2006.532511978097	1.7947852611541748
2006.6173853524983	2.767954111099243
2006.7022587268993	-0.617586076259613
2006.7843942505133	0.4018199145793915
2006.8692676249145	-3.543541669845581
2006.9514031485285	-0.24026332795619965
2007.0362765229295	-0.9616765379905701
2007.1211498973305	0.5650790333747864
2007.1978097193703	1.160189151763916
2007.2826830937713	2.496889591217041
2007.3648186173853	8.847023010253906
2007.4496919917865	3.5277903079986572
2007.5318275154004	2.0498454570770264
2007.6167008898015	0.6017723679542542
2007.7015742642027	-1.2238577604293823
2007.7837097878166	-0.00100913573987782
2007.8685831622176	-4.116818904876709
2007.9507186858316	-5.050539970397949
2008.0355920602328	-2.75578236579895
2008.1204654346338	-2.002838134765625
2008.1998631074607	-7.701245307922363
2008.2847364818617	-3.557765245437622
2008.3668720054757	6.433952808380127
2008.4517453798767	-3.3015401363372803
2008.5338809034909	-3.7960798740386963
2008.6187542778919	-7.686450004577637
2008.7036276522929	-5.390469551086426
2008.7857631759068	-7.8437347412109375
2008.870636550308	-4.637569904327393
2008.952772073922	-11.10704517364502
2009.037645448323	-9.312006950378418
2009.1225188227243	-6.150498867034912
2009.1991786447638	-4.463723659515381
2009.2840520191648	-6.688838958740234
2009.366187542779	-0.4600934088230133
2009.45106091718	-2.2810935974121094
2009.533196440794	-2.932816743850708
2009.618069815195	-3.7296464443206787
2009.7029431895962	-2.9603347778320312
2009.7850787132102	-1.4514195919036865
2009.8699520876112	1.2314937114715576
2009.9520876112251	-3.9776742458343506
2010.0369609856264	0.9021756052970886
2010.1218343600274	0.7329674363136292
2010.1984941820672	-4.717133045196533
2010.2833675564682	-10.067980766296387
2010.3655030800821	-5.122159957885742
2010.4503764544831	-3.3559412956237793
2010.532511978097	-4.820981502532959
2010.6173853524983	-3.6546669006347656
2010.7022587268993	6.117589950561523
2010.7843942505133	-2.7882325649261475
2010.8692676249145	-4.55951452255249
2010.9514031485285	-4.498702049255371
2011.0362765229295	-11.099740982055664
2011.1211498973305	-9.58077621459961
2011.1978097193703	-8.623477935791016
2011.2826830937713	-11.916219711303711
2011.3648186173853	-2.480106830596924
2011.4496919917865	-3.6551268100738525
2011.5318275154004	-4.17603874206543
2011.6167008898015	-7.696609973907471
2011.7015742642027	2.0559773445129395
2011.7837097878166	-0.7025259733200073
2011.8685831622176	-8.068571090698242
2011.9507186858316	-5.321866035461426
2012.0355920602328	-9.497252464294434
2012.1204654346338	-5.086174488067627
2012.1998631074607	-3.9011332988739014
2012.2847364818617	-5.455165863037109
2012.3668720054757	-0.13861575722694397
2012.4517453798767	-3.5225212574005127
2012.5338809034909	-11.204415321350098
2012.6187542778919	-8.323781967163086
2012.7036276522929	3.222684621810913
2012.7857631759068	1.188473105430603
2012.870636550308	-12.410969734191895
2012.952772073922	-9.022318840026855
2013.037645448323	-11.478116989135742
2013.1225188227243	-10.877206802368164
2013.1991786447638	-9.281001091003418
2013.2840520191648	-13.508277893066406
2013.366187542779	-6.467758655548096
2013.45106091718	-9.697660446166992
2013.533196440794	-12.33859634399414
2013.618069815195	-13.15526294708252
2013.7029431895962	0.036509327590465546
2013.7850787132102	1.256347894668579
2013.8699520876112	8.343419075012207
2013.9520876112251	9.17326545715332
2014.0369609856264	10.074820518493652
2014.1218343600274	6.6549391746521
2014.1984941820672	1.3195064067840576
2014.2833675564682	1.202699899673462
2014.3655030800821	11.674333572387695
2014.4503764544831	6.9808573722839355
2014.532511978097	0.5321413278579712
2014.6173853524983	0.9292015433311462
2014.7022587268993	7.84014892578125
2014.7843942505133	0.28750118613243103
2014.8692676249145	14.565794944763184
2014.9514031485285	9.564203262329102
2015.0362765229295	5.994382381439209
2015.1211498973305	-4.435554027557373
2015.1978097193703	-2.9456470012664795
2015.2826830937713	-7.1651811599731445
2015.3648186173853	4.70490837097168
2015.4496919917865	-4.87433385848999
2015.5318275154004	-4.807594299316406
2015.6167008898015	2.9817709922790527
2015.7015742642027	7.439525604248047
2015.7837097878166	4.411996364593506
2015.8685831622176	2.305372714996338
2015.9507186858316	5.7561936378479
2016.0355920602328	9.626338005065918
2016.1204654346338	7.23724365234375
2016.1998631074607	2.860381841659546
2016.2847364818617	-7.139467716217041
2016.3668720054757	-5.8751397132873535
2016.4517453798767	-2.26655912399292
2016.5338809034909	-10.015493392944336
2016.6187542778919	-15.709155082702637
2016.7036276522929	-16.663373947143555
2016.7857631759068	-12.647320747375488
2016.870636550308	-7.63113260269165
2016.952772073922	-16.439205169677734
