1995.041748046875;14.022669144298721
1996.041748046875;5.719478674556901
1997.041748046875;3.167080529358078
1998.041748046875;-9.929803661678147
1999.041748046875;-8.01106160101683
2000.041748046875;14.450980671074081
2001.041748046875;1.466297157432724
2002.041748046875;-1.6942000907400363
2003.041748046875;-0.8965224545934908
2004.041748046875;-1.9292551797369235
2005.041748046875;-0.316380314205002
2006.041748046875;-0.923374943111252
2007.041748046875;0.452740140583206
2008.041748046875;-9.698660425517867
2009.041748046875;-7.193551115367722
2010.041748046875;0.5352499562761076
2011.041748046875;-9.358291081760237
2012.041748046875;-7.413599542949509
2013.041748046875;-11.854379228923628
2014.041748046875;12.26732248845308
2015.041748046875;8.805039771225145
2016.041748046875;10.56657934966295
