1995.041748046875;56.82814432335073
1996.041748046875;48.5249538536089
1997.041748046875;45.97255570841008
1998.041748046875;32.87567151737386
1999.041748046875;34.794413578035176
2000.041748046875;57.25645585012609
2001.041748046875;44.27177233648473
2002.041748046875;41.11127508831196
2003.041748046875;41.90895272445851
2004.041748046875;40.876219999315076
2005.041748046875;42.489094864847
2006.041748046875;41.88210023594075
2007.041748046875;43.258215319635205
2008.041748046875;33.10681475353414
2009.041748046875;35.611924063684285
2010.041748046875;43.34072513532811
2011.041748046875;33.44718409729177
2012.041748046875;35.3918756361025
2013.041748046875;30.951095950128384
2014.041748046875;55.07279766750508
2015.041748046875;51.61051495027714
2016.041748046875;53.372054528714955
