1995.038878545614;1.7837955951690674
1995.1237542437848;-8.527670860290527
1995.2004161647137;3.4955523014068604
1995.2852918628846;3.963980197906494
1995.3674296353083;5.5170722007751465
1995.4523053334794;4.604137897491455
1995.534443105903;4.944844722747803
1995.619318804074;11.547754287719727
1995.7041945022452;11.371675491333008
1995.7863322746687;3.207871437072754
1995.8712079728398;-4.096019268035889
1995.9533457452635;0.7576480507850647
1996.0382214434344;-4.338161468505859
1996.1230971416055;-9.32667064666748
1996.2024969882816;-5.00654935836792
1996.2873726864527;-7.8148932456970215
1996.3695104588764;-2.6999526023864746
1996.4543861570473;2.566833257675171
1996.536523929471;-2.9411747455596924
1996.6213996276422;2.2099926471710205
1996.706275325813;-1.4883570671081543
1996.7884130982368;1.963534951210022
1996.873288796408;4.289767265319824
1996.9554265688314;-0.7371053099632263
1997.0403022670025;-1.6283855438232422
1997.1251779651736;0.7471516728401184
1997.2018398861023;0.775452733039856
1997.2867155842735;2.041414260864258
1997.368853356697;-0.2937755882740021
1997.453729054868;8.234227180480957
1997.5358668272916;3.507660388946533
1997.6207425254627;4.395057201385498
1997.7056182236338;0.09546056389808655
1997.7877559960573;2.24446964263916
1997.8726316942284;-7.683482646942139
1997.9547694666521;-3.3058359622955322
1998.039645164823;-0.5440577864646912
1998.1245208629941;2.9379262924194336
1998.2011827839228;-6.079111099243164
1998.286058482094;-0.9461373090744019
1998.3681962545177;1.0125107765197754
1998.4530719526886;-0.6477435827255249
1998.5352097251123;1.816011905670166
1998.6200854232834;3.7249996662139893
1998.7049611214543;-3.400214672088623
1998.787098893878;3.4901113510131836
1998.8719745920491;1.0723620653152466
1998.9541123644726;4.5367913246154785
1999.0389880626437;1.8483831882476807
1999.1238637608149;6.593330383300781
1999.2005256817436;-0.47104135155677795
1999.2854013799147;1.2698441743850708
1999.3675391523382;6.21388053894043
1999.4524148505093;5.0591325759887695
1999.5345526229328;0.551934540271759
1999.619428321104;2.1294190883636475
1999.704304019275;3.6657848358154297
1999.7864417916985;2.554831027984619
1999.8713174898696;1.638805866241455
1999.9534552622933;2.263833522796631
2000.0383309604645;0.9369447827339172
2000.1232066586354;-1.6695544719696045
2000.2026065053117;3.0030481815338135
2000.2874822034826;-1.755082607269287
2000.3696199759063;-0.6617001891136169
2000.4544956740774;0.3888765275478363
2000.536633446501;4.1802568435668945
2000.621509144672;1.4255986213684082
2000.7063848428431;3.8464882373809814
2000.7885226152666;8.562413215637207
2000.8733983134377;1.8216311931610107
2000.9555360858612;0.7007434964179993
2001.0404117840324;-1.3177499771118164
2001.1252874822035;0.4670575261116028
2001.2019494031322;-1.3135470151901245
2001.2868251013033;-1.5209466218948364
2001.3689628737268;3.260124444961548
2001.453838571898;0.6136873960494995
2001.5359763443216;4.522325038909912
2001.6208520424925;-0.05708187818527222
2001.7057277406636;5.877129077911377
2001.7878655130874;2.840688705444336
2001.8727412112582;5.388760566711426
2001.954878983682;2.776186227798462
2002.039754681853;-3.33437180519104
2002.124630380024;3.0734195709228516
2002.201292300953;-0.5372918844223022
2002.2861679991238;3.4802913665771484
2002.3683057715475;3.6122121810913086
2002.4531814697186;3.8443214893341064
2002.5353192421421;1.8336071968078613
2002.6201949403132;-2.007488965988159
2002.7050706384844;-8.92402458190918
2002.7872084109079;-5.206847190856934
2002.872084109079;-10.379698753356934
2002.9542218815027;-6.349395275115967
2003.0390975796736;-6.524984359741211
2003.1239732778447;-5.964223861694336
2003.2006351987734;4.9776458740234375
2003.2855108969445;0.6370276212692261
2003.367648669368;0.212360218167305
2003.4525243675391;-2.228670358657837
2003.5346621399628;-7.688157081604004
2003.6195378381337;-8.67349910736084
2003.7044135363049;-1.6874395608901978
2003.7865513087286;-3.9351553916931152
2003.8714270068995;-1.682540774345398
2003.9535647793232;-2.996055841445923
2004.0384404774943;-2.4842724800109863
2004.1233161756654;5.709568977355957
2004.2027160223415;-0.3236450254917145
2004.2875917205126;-6.590786457061768
2004.3697294929361;-9.550743103027344
2004.4546051911072;-8.181571006774902
2004.5367429635307;-7.670061111450195
2004.6216186617019;-7.711832046508789
2004.706494359873;-5.594077110290527
2004.7886321322965;-6.378683567047119
2004.8735078304676;-1.9747227430343628
2004.9556456028913;-1.8450095653533936
2005.0405213010622;6.68696928024292
2005.1253969992333;4.309023857116699
2005.202058920162;-10.742018699645996
2005.2869346183331;-6.3070149421691895
2005.3690723907569;-9.65353775024414
2005.4539480889277;-4.678367614746094
2005.5360858613515;-3.665928602218628
2005.6209615595226;-6.354658126831055
2005.7058372576935;-5.628006935119629
2005.7879750301172;-7.511085510253906
2005.8728507282883;-7.5031280517578125
2005.9549885007118;-3.613166570663452
2006.039864198883;-6.543461799621582
2006.124739897054;-5.179504871368408
2006.2014018179827;-5.107752323150635
2006.2862775161539;-2.356466770172119
2006.3684152885774;-5.781312942504883
2006.4532909867485;-4.78460693359375
2006.535428759172;-6.768800258636475
2006.620304457343;-7.549039840698242
2006.7051801555142;-8.327507019042969
2006.7873179279377;-8.962956428527832
2006.8721936261088;-7.795044898986816
2006.9543313985325;-4.604135513305664
2007.0392070967036;0.04610568284988403
2007.1240827948745;-2.604161262512207
2007.2007447158032;0.14761313796043396
2007.2856204139744;-2.866515636444092
2007.367758186398;3.0057497024536133
2007.452633884569;-5.52908992767334
2007.5347716569927;-4.967446804046631
2007.6196473551638;-6.419702053070068
2007.7045230533347;-5.4031662940979
2007.7866608257584;-3.9708704948425293
2007.8715365239295;-2.7507872581481934
2007.953674296353;0.12610703706741333
2008.0385499945241;4.555751323699951
2008.1234256926953;-1.7771766185760498
2008.2028255393714;-1.85112726688385
2008.2877012375425;0.6316423416137695
2008.369839009966;-8.767776489257812
2008.454714708137;-7.294108867645264
2008.5368524805608;-3.8759961128234863
2008.6217281787317;-3.191383123397827
2008.7066038769028;3.541652202606201
2008.7887416493265;1.0185271501541138
2008.8736173474974;-3.769287586212158
2008.9557551199212;-3.8882837295532227
2009.0406308180923;-1.229254961013794
2009.1255065162632;-4.637192249298096
2009.202168437192;-1.5957869291305542
2009.287044135363;-6.321969509124756
2009.3691819077867;-1.9927852153778076
2009.4540576059578;-3.4581594467163086
2009.5361953783813;-2.484236717224121
2009.6210710765524;-5.28553581237793
2009.7059467747235;-2.7864835262298584
2009.788084547147;-5.2588911056518555
2009.8729602453182;-1.2995868921279907
2009.9550980177419;1.6800596714019775
2010.0399737159128;-1.425574779510498
2010.1248494140839;-5.7039899826049805
2010.2015113350126;-3.9288737773895264
2010.2863870331837;-4.753169536590576
2010.3685248056072;-3.6225132942199707
2010.4534005037783;-2.3593475818634033
2010.535538276202;0.27340203523635864
2010.620413974373;1.6499474048614502
2010.705289672544;0.06906762719154358
2010.7874274449678;-4.868391036987305
2010.8723031431387;0.45585334300994873
2010.9544409155624;-6.777016639709473
2011.0393166137335;-8.06571102142334
2011.1241923119046;-2.236025094985962
2011.2008542328333;2.7004024982452393
2011.2857299310042;-3.164538860321045
2011.367867703428;-1.9657187461853027
2011.452743401599;-1.356863021850586
2011.5348811740225;2.9696896076202393
2011.6197568721936;4.622920036315918
2011.7046325703648;-0.5316101312637329
2011.7867703427883;-0.627484917640686
2011.8716460409594;1.9724637269973755
2011.9537838133829;3.0065581798553467
2012.038659511554;0.1939907670021057
2012.123535209725;4.494507789611816
2012.2029350564012;1.90713632106781
2012.2878107545723;3.962001323699951
2012.369948526996;4.373592853546143
2012.454824225167;7.3471198081970215
2012.5369619975907;0.018073618412017822
2012.6218376957618;1.8474087715148926
2012.7067133939327;-0.27360543608665466
2012.7888511663564;1.3763964176177979
2012.8737268645275;6.602034091949463
2012.955864636951;-1.542968988418579
2013.040740335122;2.584944725036621
2013.1256160332932;-0.45274943113327026
2013.202277954222;-3.202084541320801
2013.287153652393;2.676227569580078
2013.3692914248165;3.9283461570739746
2013.4541671229877;-0.2599557936191559
2013.5363048954111;3.682936668395996
2013.6211805935823;1.1511220932006836
2013.7060562917534;2.109304904937744
2013.7881940641769;1.0988801717758179
2013.873069762348;8.402591705322266
2013.9552075347717;4.068167686462402
2014.0400832329428;-3.548614740371704
2014.1249589311137;-1.3214693069458008
2014.2016208520424;5.949278831481934
2014.2864965502135;7.996177673339844
2014.3686343226373;3.522265672683716
2014.4535100208082;1.3823697566986084
2014.5356477932319;3.886993169784546
2014.620523491403;4.366330623626709
2014.7053991895739;7.12650203704834
2014.7875369619976;0.978049635887146
2014.8724126601687;7.402464866638184
2014.9545504325922;9.375704765319824
2015.0394261307633;4.240749835968018
2015.1243018289344;8.370314598083496
2015.2009637498631;7.374551296234131
2015.2858394480343;8.380499839782715
2015.3679772204578;7.115278244018555
2015.4528529186289;0.7084617614746094
2015.5349906910524;5.174572944641113
2015.6198663892235;3.9798572063446045
2015.7047420873946;6.311533451080322
2015.786879859818;10.717964172363281
2015.8717555579892;5.7845025062561035
2015.953893330413;6.275965213775635
2016.0387690285838;18.10696029663086
2016.123644726755;12.698073387145996
2016.2030445734313;9.828158378601074
2016.2879202716022;9.358390808105469
2016.3700580440259;3.2164223194122314
2016.454933742197;6.0293145179748535
2016.5370715146205;2.699492931365967
2016.6219472127916;4.1998162269592285
2016.7068229109627;0.029871612787246704
2016.7889606833862;6.666630744934082
2016.8738363815573;4.103055477142334
2016.955974153981;0.09120851755142212
