1995.2826830937713;1.918129217119449
1995.3648186173853;5.067089533931788
1995.4496919917865;3.751116027949182
1995.5318275154004;5.494556047321298
1995.6167008898015;3.718312520549074
1995.7015742642027;3.8867134149617044
1995.7837097878166;4.349557374970381
1995.8685831622176;5.202760253598741
1995.9507186858316;2.2595773454057198
1996.0355920602328;2.096433415250397
1996.1204654346338;4.106971378741213
1996.1998631074607;1.940027547706177
1996.2847364818617;-0.2168513422269518
1996.3668720054757;-0.1654567955665025
1996.4517453798767;1.466800203440515
1996.5338809034909;0.32019517601172787
1996.6187542778919;1.6959573216889057
1996.7036276522929;2.772668629462135
1996.7857631759068;0.8657272806407015
1996.870636550308;2.0011051041388983
1996.952772073922;0.6813411231385693
1997.037645448323;2.2445938728575836
1997.1225188227243;3.1736293987607445
1997.1991786447638;3.9252824314723513
1997.2840520191648;2.985723506904306
1997.366187542779;3.0917826653786262
1997.45106091718;2.814014783022729
1997.533196440794;2.0073123949736953
1997.618069815195;-2.483216386273131
1997.7029431895962;-2.516287535851589
1997.7850787132102;-2.9471013793832324
1997.8699520876112;-3.203232135126542
1997.9520876112251;-4.409354496444561
1998.0369609856264;-4.464974031618771
1998.1218343600274;-7.978403811039978
1998.1984941820672;-5.255505370270204
1998.2833675564682;-6.169270980860055
1998.3655030800821;-5.10051872717661
1998.4503764544831;-6.964913973691136
1998.532511978097;-5.840403817297454
1998.6173853524983;-2.931285958721862
1998.7022587268993;-4.888578623955837
1998.7843942505133;-5.520311976406354
1998.8692676249145;-5.552951540300796
1998.9514031485285;-2.5399692539824015
1999.0362765229295;-2.069326267411567
1999.1211498973305;-2.3338874622011705
1999.1978097193703;-3.1504910460819717
1999.2826830937713;-1.7383665924333673
1999.3648186173853;0.2353760958977309
1999.4496919917865;0.8100768233517093
1999.5318275154004;0.2530976313393136
1999.6167008898015;3.4501547999832782
1999.7015742642027;-0.12494561118422887
1999.7837097878166;0.10090372469440645
1999.8685831622176;0.8870913130546088
1999.9507186858316;2.414713930641316
2000.0355920602328;-1.1632939435703307
2000.1204654346338;4.923195596156069
2000.1998631074607;3.1213773020396736
2000.2847364818617;1.4487635011407658
2000.3668720054757;1.0181442262001599
2000.4517453798767;2.210099926112024
2000.5338809034909;2.546518065334695
2000.6187542778919;-3.8192193321730947
2000.7036276522929;-0.9375559989863529
2000.7857631759068;-0.4240916023072945
2000.870636550308;-0.9114186423515784
2000.952772073922;-4.1246934418333545
2001.037645448323;-2.814988122143035
2001.1225188227243;1.3941494182919945
2001.1991786447638;-0.4118251077045896
2001.2840520191648;-0.5479116325643174
2001.366187542779;-2.015536689632359
2001.45106091718;-0.2355644797107299
2001.533196440794;0.9183712977141125
2001.618069815195;1.3054241128418593
2001.7029431895962;-0.348203152840723
2001.7850787132102;-2.049908424363304
2001.8699520876112;-2.4191103833412635
2001.9520876112251;-1.553383040870525
2002.0369609856264;-0.22322617547813373
2002.1218343600274;0.8979341940259413
2002.1984941820672;1.0597980745921634
2002.2833675564682;-0.3880340938829123
2002.3655030800821;2.6157495738335217
2002.4503764544831;3.1131061221340577
2002.532511978097;6.7022295969692145
2002.6173853524983;8.103097219035403
2002.7022587268993;5.6678825910633925
2002.7843942505133;4.3055041780636785
2002.8692676249145;4.586112652471114
2002.9514031485285;4.454421233688496
2003.0362765229295;4.144071712314637
2003.1211498973305;3.1102398590421165
2003.1978097193703;4.15679164015155
2003.2826830937713;2.570858489960887
2003.3648186173853;1.1549976826973525
2003.4496919917865;3.1782629395702755
2003.5318275154004;5.125557400578471
2003.6167008898015;3.30196632818915
2003.7015742642027;4.564178615385902
2003.7837097878166;3.447991227164671
2003.8685831622176;3.2717300993705267
2003.9507186858316;3.4127454276429643
2004.0355920602328;1.7969600103568126
2004.1204654346338;1.893185730395265
2004.1998631074607;2.4766904839168093
2004.2847364818617;1.350037943807651
2004.3668720054757;-1.8510487316779531
2004.4517453798767;-1.2277243231555546
2004.5338809034909;-1.6924200278562607
2004.6187542778919;-1.4151530079390857
2004.7036276522929;0.9082556064671383
2004.7857631759068;2.0270588150130138
2004.870636550308;1.9737209421897406
2004.952772073922;1.8108229155885205
2005.037645448323;10.505778267214662
2005.1225188227243;-0.762962345662169
2005.1991786447638;0.8956635721812747
2005.2840520191648;1.195617210359032
2005.366187542779;0.0018760920830334094
2005.45106091718;-0.05678571212497552
2005.533196440794;-4.380618117446967
2005.618069815195;-5.89823947472833
2005.7029431895962;-6.048395604317774
2005.7850787132102;-5.497569228151248
2005.8699520876112;-5.958958710977982
2005.9520876112251;-7.403428125823836
2006.0369609856264;-4.318587408230384
2006.1218343600274;-5.177334789815001
2006.1984941820672;-4.9774383775105
2006.2833675564682;-6.5991194133994675
2006.3655030800821;-6.2279834984473625
2006.4503764544831;-5.24656928527561
2006.532511978097;-5.488818667531443
2006.6173853524983;-3.4982775263335557
2006.7022587268993;-7.211804956620326
2006.7843942505133;-6.99011781308843
2006.8692676249145;-6.711898888895462
2006.9514031485285;-7.204068470443585
2007.0362765229295;-5.813331232238896
2007.1211498973305;-8.643219713749936
2007.1978097193703;-7.50171594537396
2007.2826830937713;-5.847787964852291
2007.3648186173853;-5.156764054172461
2007.4496919917865;-7.922601470830113
2007.5318275154004;-6.780666492584188
2007.6167008898015;-5.708731275036557
2007.7015742642027;-5.200716227715603
2007.7837097878166;-5.510607148152012
2007.8685831622176;-5.544336284944961
2007.9507186858316;-7.314838338340619
2008.0355920602328;-5.177598819898471
2008.1204654346338;-3.5586699290895965
2008.1998631074607;-4.351305293213318
2008.2847364818617;-9.524388421069345
2008.3668720054757;-4.670144581668798
2008.4517453798767;-3.226440915944251
2008.5338809034909;-0.6979117614067167
2008.6187542778919;-2.005994182064757
2008.7036276522929;-2.8793877069407614
2008.7857631759068;-3.215772891985189
2008.870636550308;-4.610588993380021
2008.952772073922;-5.963724422897197
2009.037645448323;-2.7118625499483606
2009.1225188227243;-1.154006962361386
2009.1991786447638;-0.5449794999470221
2009.2840520191648;1.2603848094631491
2009.366187542779;-0.10973360525888554
2009.45106091718;-1.0176727865954964
2009.533196440794;0.41278622329456294
2009.618069815195;1.234810490176454
2009.7029431895962;1.7770767505711422
2009.7850787132102;2.1279402723467165
2009.8699520876112;1.8913455349708075
2009.9520876112251;2.1827839131700024
2010.0369609856264;4.272773637597244
2010.1218343600274;4.715688581881473
2010.1984941820672;6.275183630813172
2010.2833675564682;2.141336094828963
2010.3655030800821;2.552148437625941
2010.4503764544831;1.3008829261043944
2010.532511978097;3.2888945120623974
2010.6173853524983;4.23732473330237
2010.7022587268993;5.52235427456559
2010.7843942505133;3.132371520058747
2010.8692676249145;2.294798646619369
2010.9514031485285;5.0797979350434765
2011.0362765229295;2.361616267985828
2011.1211498973305;3.241955991206118
2011.1978097193703;2.823614550460389
2011.2826830937713;-2.1388591413744775
2011.3648186173853;-2.608536743991796
2011.4496919917865;-0.6272212361117919
2011.5318275154004;1.0750248211668696
2011.6167008898015;1.622796792552248
2011.7015742642027;0.7970285709446774
2011.7837097878166;1.4648773422406691
2011.8685831622176;-0.19457563335652406
2011.9507186858316;5.5983255620347485
2012.0355920602328;3.7065628908429105
2012.1204654346338;0.6296834902142958
2012.1998631074607;0.532392335761597
2012.2847364818617;0.7843713874540121
2012.3668720054757;0.20729515565114875
2012.4517453798767;0.5942311192730347
2012.5338809034909;2.8137942332043475
2012.6187542778919;1.0227514691803603
2012.7036276522929;-0.06383475703536234
2012.7857631759068;-0.19935646150072195
2012.870636550308;1.3512225491309655
2012.952772073922;6.305669974838398
2013.037645448323;3.7768576286548408
2013.1225188227243;-1.9006874604845567
2013.1991786447638;-0.8106511107792365
2013.2840520191648;0.406560193988339
2013.366187542779;0.6116047860451306
2013.45106091718;0.5640145446041505
2013.533196440794;-1.0668686848796742
2013.618069815195;-0.16725407166741801
2013.7029431895962;-0.5781888667994632
2013.7850787132102;1.1826231231946736
2013.8699520876112;4.728631530454206
2013.9520876112251;4.306883644615315
2014.0369609856264;1.187311782672948
2014.1218343600274;9.506993050990054
2014.1984941820672;10.018234921325258
2014.2833675564682;12.056176554647726
2014.3655030800821;14.922983384258329
2014.4503764544831;16.072287788508262
2014.532511978097;15.161037661428761
2014.6173853524983;16.007239956424012
2014.7022587268993;9.706819086844334
2014.7843942505133;6.805276488327635
2014.8692676249145;5.428576622655441
2014.9514031485285;7.090547513519429
2015.0362765229295;3.127978219820225
2015.1211498973305;6.308713312563845
2015.1978097193703;3.66592593275409
2015.2826830937713;4.748355638476192
2015.3648186173853;-0.9594276188544668
2015.4496919917865;-6.204509506108435
2015.5318275154004;-4.310515902641456
2015.6167008898015;-4.873209457829223
2015.7015742642027;-5.983599394982447
2015.7837097878166;-1.5563617000467058
2015.8685831622176;6.597157273938708
2015.9507186858316;3.406495880638264
2016.0355920602328;0.46011723501050916
2016.1204654346338;-3.2777431054735686
2016.1998631074607;0.5790979393611453
2016.2847364818617;-0.06258915713530655
2016.3668720054757;-2.517943048351232
2016.4517453798767;-3.2331583594104374
2016.5338809034909;-15.277171514631277
2016.6187542778919;-12.131416063740478
2016.7036276522929;1.322818427855383
2016.7857631759068;3.8065793266515158
2016.870636550308;-5.215329970667312
2016.952772073922;-9.08263878866563
2017.037645448323;-11.122483835380319
2017.1225188227243;-8.956083898129517
2017.1991786447638;-13.97458009637494
