1995.2826830937713	2.8999992578970613
1995.3648186173853	5.576858318649624
1995.4496919917865	1.685725922952495
1995.5318275154004	6.513443759739176
1995.6167008898015	3.1109372531490997
1995.7015742642027	4.896518759404408
1995.7837097878166	3.8218301448841885
1995.8685831622176	10.096116273017703
1995.9507186858316	5.2434833366840286
1996.0355920602328	-1.0274517145821775
1996.1204654346338	4.145898147439151
1996.1998631074607	3.7072222987845356
1996.2847364818617	1.9619413584219636
1996.3668720054757	0.8343611725200157
1996.4517453798767	1.0305695489748339
1996.5338809034909	-2.3807489954831444
1996.6187542778919	2.0332971965389923
1996.7036276522929	1.783356718693959
1996.7857631759068	-3.6885877933482334
1996.870636550308	-2.8736632184068567
1996.952772073922	3.5160931665866775
1997.037645448323	0.2608125600149904
1997.1225188227243	-0.07109423079571187
1997.1991786447638	5.583391861124318
1997.2840520191648	-0.3161956101907073
1997.366187542779	2.490350998245571
1997.45106091718	2.8777234733804087
1997.533196440794	1.5918643391726173
1997.618069815195	1.2080053245144562
1997.7029431895962	-1.1749886945140489
1997.7850787132102	-5.2194906558970615
1997.8699520876112	-1.4485338048021204
1997.9520876112251	-2.587386814835747
1998.0369609856264	-4.418759545392724
1998.1218343600274	-12.59698172011456
1998.1984941820672	-7.2734791477486676
1998.2833675564682	-3.1948553353799163
1998.3655030800821	-5.850532256759312
1998.4503764544831	-7.751150016416707
1998.532511978097	-5.028900393188223
1998.6173853524983	-4.1172702158374115
1998.7022587268993	-6.074478574122203
1998.7843942505133	-7.393683561323087
1998.8692676249145	-4.1050236538926965
1998.9514031485285	-1.7556039969951707
1999.0362765229295	-4.462681969709131
1999.1211498973305	-2.5612456361301845
1999.1978097193703	-5.337245627240855
1999.2826830937713	-0.05669510665066824
1999.3648186173853	2.2415969737399557
1999.4496919917865	0.907450194726787
1999.5318275154004	1.283964864074961
1999.6167008898015	2.6558557902889923
1999.7015742642027	0.7200689837086074
1999.7837097878166	1.2757104549427822
1999.8685831622176	0.8044922038038367
1999.9507186858316	5.671093018767158
2000.0355920602328	-1.9109832850167479
2000.1204654346338	3.9847095449916416
2000.1998631074607	4.606286958856862
2000.2847364818617	0.5118797987448396
2000.3668720054757	3.6652598746646383
2000.4517453798767	3.9492063478334765
2000.5338809034909	1.1960537350771583
2000.6187542778919	-0.34923754581635436
2000.7036276522929	-0.9848384335887559
2000.7857631759068	-0.9546114292124912
2000.870636550308	-4.6438913659135705
2000.952772073922	-5.458202568772514
2001.037645448323	-2.569280823774072
2001.1225188227243	2.235515876626163
2001.1991786447638	-3.9021088321969097
2001.2840520191648	-2.307664516593295
2001.366187542779	-1.5233065716396827
2001.45106091718	0.24926006353934804
2001.533196440794	0.7625195897219337
2001.618069815195	1.2291470920162872
2001.7029431895962	-0.8830575421702989
2001.7850787132102	-4.514755853650968
2001.8699520876112	-5.016378672508419
2001.9520876112251	-3.678688256028374
2002.0369609856264	1.455170908861426
2002.1218343600274	4.298408552025943
2002.1984941820672	3.8133781711295063
2002.2833675564682	-2.949087741996127
2002.3655030800821	2.2880587943423727
2002.4503764544831	2.240150447259746
2002.532511978097	7.620540372192637
2002.6173853524983	9.756783620031424
2002.7022587268993	5.839023642216908
2002.7843942505133	3.622537008287509
2002.8692676249145	5.543204514594852
2002.9514031485285	3.3532890398471755
2003.0362765229295	4.597247401170996
2003.1211498973305	2.5234239538661534
2003.1978097193703	5.991761163873952
2003.2826830937713	4.065359470223111
2003.3648186173853	0.972208827041481
2003.4496919917865	2.835475701163612
2003.5318275154004	5.8454425689799345
2003.6167008898015	2.2895556842404083
2003.7015742642027	4.70912175623058
2003.7837097878166	3.4390500698109463
2003.8685831622176	2.2209064646680945
2003.9507186858316	2.3639055211513442
2004.0355920602328	-1.4115202036568846
2004.1204654346338	2.855684085702091
2004.1998631074607	2.9094737331107074
2004.2847364818617	2.5720604628073396
2004.3668720054757	-1.7549600235592384
2004.4517453798767	-1.474232081998982
2004.5338809034909	-2.8534376704099023
2004.6187542778919	-1.497938140718393
2004.7036276522929	2.8847675844776504
2004.7857631759068	1.9445527706166104
2004.870636550308	-0.9215872601549036
2004.952772073922	1.6802164221133244
2005.037645448323	5.539960423403052
2005.1225188227243	-2.4148385087498134
2005.1991786447638	-0.8897797306344097
2005.2840520191648	-0.7769871980202971
2005.366187542779	0.15763387759814074
2005.45106091718	0.5140179351671557
2005.533196440794	-5.822983034789785
2005.618069815195	-4.317142471162729
2005.7029431895962	-6.55080313238026
2005.7850787132102	-6.147761949537198
2005.8699520876112	-4.393677027610958
2005.9520876112251	-7.7735035102398
2006.0369609856264	-7.306246956891748
2006.1218343600274	-3.5415570298679775
2006.1984941820672	-2.3666521747872418
2006.2833675564682	-7.045982959891635
2006.3655030800821	-6.549289428390171
2006.4503764544831	-5.4451769634381915
2006.532511978097	-5.341270693481191
2006.6173853524983	-4.206820234147958
2006.7022587268993	-6.131699033106578
2006.7843942505133	-1.7125440921763584
2006.8692676249145	-8.286897392658414
2006.9514031485285	-6.544395653489311
2007.0362765229295	-4.987400254316064
2007.1211498973305	-8.602026657248349
2007.1978097193703	-4.459400816755015
2007.2826830937713	-7.918904903556186
2007.3648186173853	-5.084052287734654
2007.4496919917865	-7.409674529661336
2007.5318275154004	-5.282810457885488
2007.6167008898015	-5.79675637134736
2007.7015742642027	-5.290564484919322
2007.7837097878166	-5.12263358497421
2007.8685831622176	-5.047218115715206
2007.9507186858316	-7.899280754807671
2008.0355920602328	-4.517626008100244
2008.1204654346338	-2.947960571432919
2008.1998631074607	-5.814595862226207
2008.2847364818617	-2.893149021293002
2008.3668720054757	-4.287024699844029
2008.4517453798767	-5.097700004209676
2008.5338809034909	0.9145233548281348
2008.6187542778919	-2.415140404788904
2008.7036276522929	-7.49006504567982
2008.7857631759068	1.9921888027211025
2008.870636550308	-4.510734589485348
2008.952772073922	-6.696632591965874
2009.037645448323	-2.256673058576318
2009.1225188227243	3.5967905958644444
2009.1991786447638	0.5987509051993305
2009.2840520191648	-0.6980172425759612
2009.366187542779	-0.052252017654087046
2009.45106091718	-1.3561257167951246
2009.533196440794	0.21950935488917
2009.618069815195	0.7408539210873322
2009.7029431895962	0.8400297686207168
2009.7850787132102	0.06898438072403223
2009.8699520876112	3.326942650886356
2009.9520876112251	-0.16704472709008034
2010.0369609856264	2.0077536496451174
2010.1218343600274	1.590289398049503
2010.1984941820672	8.139858917398733
2010.2833675564682	0.8123406141745271
2010.3655030800821	4.203257358871792
2010.4503764544831	1.5517406419618944
2010.532511978097	4.710695258438364
2010.6173853524983	4.933963433416434
2010.7022587268993	4.043237738286244
2010.7843942505133	4.91375671959122
2010.8692676249145	-0.1587312535325891
2010.9514031485285	5.8946225960224075
2011.0362765229295	1.8179128560354982
2011.1211498973305	5.057151838158756
2011.1978097193703	2.968887643022817
2011.2826830937713	-4.151206615592319
2011.3648186173853	-3.4675266377102396
2011.4496919917865	0.15944778479178945
2011.5318275154004	-0.4243819796445214
2011.6167008898015	0.4468957339840607
2011.7015742642027	-0.07435316594959573
2011.7837097878166	3.02684151268204
2011.8685831622176	-0.06279161730212035
2011.9507186858316	6.696620734450142
2012.0355920602328	4.80344966977146
2012.1204654346338	1.7040570219508702
2012.1998631074607	1.6378563205435688
2012.2847364818617	-0.7687140733254729
2012.3668720054757	-0.1329328648220558
2012.4517453798767	0.8890740827425341
2012.5338809034909	2.613481990158335
2012.6187542778919	0.5657056724148468
2012.7036276522929	3.557489447270619
2012.7857631759068	1.405970922472079
2012.870636550308	2.172567574592411
2012.952772073922	6.476530822035591
2013.037645448323	5.611193934374121
2013.1225188227243	-4.141614631796688
2013.1991786447638	-5.183316870526988
2013.2840520191648	1.2854703634726228
2013.366187542779	-1.426305972732212
2013.45106091718	1.127951617608867
2013.533196440794	-0.2624061190488183
2013.618069815195	-0.4439552868289276
2013.7029431895962	1.222774557744252
2013.7850787132102	1.0960324916859463
2013.8699520876112	5.799253670783817
2013.9520876112251	7.218244822737495
2014.0369609856264	3.995693484239844
2014.1218343600274	11.923904939507633
2014.1984941820672	9.777496413393301
2014.2833675564682	16.2404483526694
2014.3655030800821	11.097840107284878
2014.4503764544831	17.99397384680351
2014.532511978097	14.843842259704843
2014.6173853524983	13.95097746005828
2014.7022587268993	11.090890936528432
2014.7843942505133	7.1747754726429775
2014.8692676249145	9.09603997907239
2014.9514031485285	4.307040723082344
2015.0362765229295	5.538059035234717
2015.1211498973305	6.921823664521366
2015.1978097193703	2.353803471727651
2015.2826830937713	4.750610229347867
2015.3648186173853	0.0032518275607567038
2015.4496919917865	-7.158095244993367
2015.5318275154004	-4.977139719665273
2015.6167008898015	-6.0777982319278046
2015.7015742642027	-6.931176133478893
2015.7837097878166	-3.619541772840421
2015.8685831622176	9.299674241157351
2015.9507186858316	0.5696746427982253
2016.0355920602328	5.188221493654517
2016.1204654346338	-5.494056419516415
2016.1998631074607	-1.4021712978646343
2016.2847364818617	-2.4783126145852385
2016.3668720054757	-3.1379606358181498
2016.4517453798767	-2.3940213962690016
2016.5338809034909	-15.404120691955313
2016.6187542778919	-12.444206103174142
2016.7036276522929	0.23582368341563864
2016.7857631759068	4.2929395351429775
2016.870636550308	-6.848601551441372
2016.952772073922	-11.120084015610892
2017.037645448323	-6.483214577741357
2017.1225188227243	-8.447203354025692
2017.1991786447638	-14.781507178144174
