1995.2826830937713	3.285292741631192
1995.3648186173853	5.81392506440768
1995.4496919917865	5.496423836122355
1995.5318275154004	4.697014442741648
1995.6167008898015	2.658362046392508
1995.7015742642027	2.0592270418751113
1995.7837097878166	3.0883077297230557
1995.8685831622176	4.340876786323368
1995.9507186858316	3.4446796495883865
1996.0355920602328	1.7576935681631838
1996.1204654346338	5.016025110100895
1996.1998631074607	2.3976214687064106
1996.2847364818617	-0.9967051774514495
1996.3668720054757	-0.7682518593441505
1996.4517453798767	1.3245218948229174
1996.5338809034909	0.11845993167139657
1996.6187542778919	0.7615274344998078
1996.7036276522929	3.6099072023975722
1996.7857631759068	3.3021749172230557
1996.870636550308	2.154280869575321
1996.952772073922	-1.044819800141533
1997.037645448323	2.9194476994803225
1997.1225188227243	2.6639483412257725
1997.1991786447638	5.019915894670766
1997.2840520191648	2.0386556356894197
1997.366187542779	2.4576051600802877
1997.45106091718	3.6073858097895006
1997.533196440794	2.4103836930391944
1997.618069815195	0.08670748821074525
1997.7029431895962	-4.432069726313365
1997.7850787132102	-2.676480897901456
1997.8699520876112	-1.5487058476488
1997.9520876112251	-5.592564789536675
1998.0369609856264	-0.8806345072457518
1998.1218343600274	-6.25519533553204
1998.1984941820672	-6.772046728925425
1998.2833675564682	-7.252903583670932
1998.3655030800821	-2.2422687641750834
1998.4503764544831	-7.871497039426961
1998.532511978097	-6.705729731261953
1998.6173853524983	-3.9208644474429413
1998.7022587268993	-5.5826720670116075
1998.7843942505133	-3.846245416639249
1998.8692676249145	-9.120754750160398
1998.9514031485285	-2.2875349204570847
1999.0362765229295	-3.482747277326318
1999.1211498973305	-1.3379313508518642
1999.1978097193703	-4.3653065403267926
1999.2826830937713	-1.662369850303012
1999.3648186173853	1.5020532973636131
1999.4496919917865	-2.376324538816609
1999.5318275154004	2.289457789718882
1999.6167008898015	3.9924093638973908
1999.7015742642027	-0.6058396771800645
1999.7837097878166	0.6919988307972744
1999.8685831622176	0.16978570661145387
1999.9507186858316	1.705243231770317
2000.0355920602328	-4.249160965985986
2000.1204654346338	7.663037701462894
2000.1998631074607	3.2091029445364887
2000.2847364818617	-0.8995553285134612
2000.3668720054757	-1.6563253037106056
2000.4517453798767	1.402580137620769
2000.5338809034909	3.6151962197420753
2000.6187542778919	-1.2885743225497528
2000.7036276522929	-2.015858598078502
2000.7857631759068	-0.739377626417081
2000.870636550308	2.4032308741529578
2000.952772073922	-4.5436660926372605
2001.037645448323	-0.7221519556710447
2001.1225188227243	2.877809806679874
2001.1991786447638	-3.250406905011851
2001.2840520191648	-0.8020421296609221
2001.366187542779	-2.5889651409756205
2001.45106091718	-0.38656056367317637
2001.533196440794	3.029675952255503
2001.618069815195	-0.2984458053988739
2001.7029431895962	0.20793061700938864
2001.7850787132102	-0.21486247443954198
2001.8699520876112	-2.45815351763171
2001.9520876112251	0.061722667929450914
2002.0369609856264	1.821494379930762
2002.1218343600274	-1.4928738633640712
2002.1984941820672	1.619196728868764
2002.2833675564682	0.9762624472128572
2002.3655030800821	5.537746704422329
2002.4503764544831	2.1728927449091295
2002.532511978097	5.508120439111964
2002.6173853524983	7.511562482030936
2002.7022587268993	4.513013891850697
2002.7843942505133	3.5668557796498135
2002.8692676249145	4.785325257392704
2002.9514031485285	4.066773207899849
2003.0362765229295	3.7805083188345705
2003.1211498973305	1.6251705130092198
2003.1978097193703	6.9449969689085895
2003.2826830937713	3.2175699442373933
2003.3648186173853	0.14249519189486315
2003.4496919917865	2.9474670097931246
2003.5318275154004	4.138065925895945
2003.6167008898015	1.0983890449124054
2003.7015742642027	4.9613247439014785
2003.7837097878166	4.8643411312123135
2003.8685831622176	3.1900064631422156
2003.9507186858316	10.699297698256295
2004.0355920602328	4.01801470845249
2004.1204654346338	2.566959663247257
2004.1998631074607	1.9835780421927387
2004.2847364818617	0.6525672644125642
2004.3668720054757	-2.125723802245762
2004.4517453798767	-1.882261638273396
2004.5338809034909	-3.5828392588498437
2004.6187542778919	-1.4738851631564422
2004.7036276522929	-0.23167128118397073
2004.7857631759068	3.1613896999378994
2004.870636550308	2.0192224665601843
2004.952772073922	2.0036658067672652
2005.037645448323	4.286909380846289
2005.1225188227243	-1.3677928010471767
2005.1991786447638	1.3244756023123676
2005.2840520191648	1.8718460768210115
2005.366187542779	-2.2295550934444925
2005.45106091718	0.4532509998186449
2005.533196440794	-3.5384457194211327
2005.618069815195	-8.393614634363107
2005.7029431895962	-8.126878686274303
2005.7850787132102	-4.134165414808194
2005.8699520876112	-7.180593700794399
2005.9520876112251	-3.345713822129448
2006.0369609856264	-5.560660561628076
2006.1218343600274	-6.882683471823544
2006.1984941820672	-3.4145409305855816
2006.2833675564682	-5.680688503409701
2006.3655030800821	-7.05797787824979
2006.4503764544831	-4.9602035328046465
2006.532511978097	-6.063608416259512
2006.6173853524983	-3.429251297799997
2006.7022587268993	-8.599823422755016
2006.7843942505133	-8.171539911268155
2006.8692676249145	-4.645351918129147
2006.9514031485285	-6.772557465317925
2007.0362765229295	-6.117718895978662
2007.1211498973305	-4.289452270651669
2007.1978097193703	-6.596790953473765
2007.2826830937713	-8.01487219634183
2007.3648186173853	-6.57061501661649
2007.4496919917865	-9.385395888914266
2007.5318275154004	-7.046376475036367
2007.6167008898015	-4.6953850830478
2007.7015742642027	-3.3117112592113145
2007.7837097878166	-6.9464145984629795
2007.8685831622176	-5.279747994331539
2007.9507186858316	-6.420539108994682
2008.0355920602328	-8.717430314130517
2008.1204654346338	-4.486290649557919
2008.1998631074607	-6.95128981669398
2008.2847364818617	-5.217214229728061
2008.3668720054757	-5.080456935561802
2008.4517453798767	-2.465099696745076
2008.5338809034909	-0.06502700680516593
2008.6187542778919	-2.7974122608584686
2008.7036276522929	0.37892442194102927
2008.7857631759068	-6.424945482252042
2008.870636550308	-7.381139518408001
2008.952772073922	-5.52580138850518
2009.037645448323	-2.9248115626046385
2009.1225188227243	-1.1589505235203212
2009.1991786447638	-0.512622996167857
2009.2840520191648	1.9252876013266267
2009.366187542779	1.1322660886276703
2009.45106091718	-2.7495983883039137
2009.533196440794	0.3340380108950294
2009.618069815195	1.909155503423758
2009.7029431895962	1.6358614489185683
2009.7850787132102	4.541486135484774
2009.8699520876112	4.091479508491337
2009.9520876112251	-1.0904769580394822
2010.0369609856264	6.944102207117346
2010.1218343600274	7.051714583253055
2010.1984941820672	6.863153831167501
2010.2833675564682	0.6883300512777986
2010.3655030800821	3.8120611079562643
2010.4503764544831	0.64055859602531
2010.532511978097	2.3423509514925636
2010.6173853524983	5.361819878728934
2010.7022587268993	7.910507254277455
2010.7843942505133	1.4470876369496182
2010.8692676249145	1.7246620341261023
2010.9514031485285	-2.007351366761406
2011.0362765229295	0.16052130787875996
2011.1211498973305	0.4696748693934971
2011.1978097193703	2.845782832308095
2011.2826830937713	2.5827983587729157
2011.3648186173853	-2.3401276699673197
2011.4496919917865	0.8223885253771166
2011.5318275154004	-1.2578589999081933
2011.6167008898015	2.7970262919979767
2011.7015742642027	4.234045080815541
2011.7837097878166	0.8175309810658291
2011.8685831622176	1.3480856104810828
2011.9507186858316	3.0581792910068435
2012.0355920602328	4.698431530885962
2012.1204654346338	4.757579370354801
2012.1998631074607	-0.5749990185067242
2012.2847364818617	0.41800534424654856
2012.3668720054757	1.7400308020938378
2012.4517453798767	3.410648758779369
2012.5338809034909	3.880025497734324
2012.6187542778919	0.9154266273098663
2012.7036276522929	-0.0734328702342637
2012.7857631759068	-2.704369195936124
2012.870636550308	-2.930335314659298
2012.952772073922	7.765420230147163
2013.037645448323	7.893842557363776
2013.1225188227243	-1.78028078475079
2013.1991786447638	2.182168797655385
2013.2840520191648	0.2681711882101716
2013.366187542779	0.028608597122524282
2013.45106091718	1.523964996705852
2013.533196440794	0.6340758717653907
2013.618069815195	-0.3607803429049774
2013.7029431895962	-2.188860841120494
2013.7850787132102	-0.34742320442001073
2013.8699520876112	6.9700262232740515
2013.9520876112251	3.9197643120258254
2014.0369609856264	2.165061274462012
2014.1218343600274	10.866149469231754
2014.1984941820672	10.26825387875585
2014.2833675564682	8.676532861565274
2014.3655030800821	16.284899509750698
2014.4503764544831	17.268466110597455
2014.532511978097	13.67905878192164
2014.6173853524983	17.76358045688445
2014.7022587268993	10.002601675664174
2014.7843942505133	5.221837392808993
2014.8692676249145	7.00670072278577
2014.9514031485285	6.136991770979683
2015.0362765229295	1.1689365300467287
2015.1211498973305	5.479141279076725
2015.1978097193703	2.037132577104848
2015.2826830937713	5.780420598362607
2015.3648186173853	-3.3344223133694193
2015.4496919917865	-6.3573778911725665
2015.5318275154004	-2.433780916869863
2015.6167008898015	-5.207537993280344
2015.7015742642027	-6.050002522791637
2015.7837097878166	1.6332448635121182
2015.8685831622176	6.36602803906995
2015.9507186858316	4.327126296278755
2016.0355920602328	3.787601271562842
2016.1204654346338	-8.976355270529599
2016.1998631074607	2.3180433074667866
2016.2847364818617	-2.1302663117898284
2016.3668720054757	-2.500589334167149
2016.4517453798767	-2.701139812101521
2016.5338809034909	-15.449610956847891
2016.6187542778919	-12.331431254236154
2016.7036276522929	1.7148438021290175
2016.7857631759068	3.5131753597279385
2016.870636550308	-6.236676724342526
2016.952772073922	-8.9962761085064
2017.037645448323	-12.989652833051416
2017.1225188227243	-12.609879211569638
2017.1991786447638	-16.47105185587855
