1995.0362765229295	13.406639376573828
1995.1211498973305	7.7953347404948765
1995.1978097193703	14.899401978655142
1995.2826830937713	14.361676570748013
1995.3648186173853	-0.7287908426891823
1995.4496919917865	15.807997818361125
1995.5318275154004	13.67269252902247
1995.6167008898015	15.304252759130545
1995.7015742642027	9.738658957158314
1995.7837097878166	10.419022909166415
1995.8685831622176	10.218928544135867
1995.9507186858316	8.425967963454049
1996.0355920602328	6.233181754045752
1996.1204654346338	10.179970546578556
1996.1998631074607	5.465041832132619
1996.2847364818617	3.320377585266751
1996.3668720054757	0.9079706438411217
1996.4517453798767	4.519766207109294
1996.5338809034909	2.195087901413218
1996.6187542778919	1.366203442724295
1996.7036276522929	1.4678879305469863
1996.7857631759068	-2.4113594379405185
1996.870636550308	4.106048791023075
1996.952772073922	5.123465569731514
1997.037645448323	0.8940542134573732
1997.1225188227243	8.78266779980579
1997.1991786447638	6.568955586357396
1997.2840520191648	3.272702810143155
1997.366187542779	2.8241764672625997
1997.45106091718	0.01990162886222402
1997.533196440794	-2.2735407435300194
1997.618069815195	-2.8179799611253067
1997.7029431895962	-9.245099492396129
1997.7850787132102	-10.792463907239835
1997.8699520876112	-11.674447806266965
1997.9520876112251	-7.670137612107475
1998.0369609856264	-13.601848801679346
1998.1218343600274	-8.81061239638409
1998.1984941820672	-9.038112326459604
1998.2833675564682	-15.136695507193881
1998.3655030800821	-10.153733455337193
1998.4503764544831	-15.99225128137032
1998.532511978097	-11.079671152770743
1998.6173853524983	-8.258921488611154
1998.7022587268993	-5.197559304560436
1998.7843942505133	-1.997983583448331
1998.8692676249145	-10.096200259117307
1998.9514031485285	-10.13320466685601
1999.0362765229295	-10.905657013959619
1999.1211498973305	0.45020942292132915
1999.1978097193703	-2.1757523258492535
1999.2826830937713	16.01465260681979
1999.3648186173853	21.905749119125698
1999.4496919917865	12.060516472230754
1999.5318275154004	10.05711053973414
1999.6167008898015	13.577249661596365
1999.7015742642027	11.315475515996205
1999.7837097878166	-8.201572069166104
1999.8685831622176	14.791390626045047
1999.9507186858316	16.504444869276803
2000.0355920602328	17.003192702226904
2000.1204654346338	11.525521560525089
2000.1998631074607	12.598049000902456
2000.2847364818617	13.342466708992642
2000.3668720054757	9.213529384933803
2000.4517453798767	11.463963623414836
2000.5338809034909	7.480869523346201
2000.6187542778919	5.714979306371756
2000.7036276522929	0.052694372807728485
2000.7857631759068	2.6406701717396572
2000.870636550308	6.630538193794071
2000.952772073922	2.9367678482501907
2001.037645448323	0.05065993397739277
2001.1225188227243	3.486741348122745
2001.1991786447638	5.616968111200612
2001.2840520191648	1.6717609137045564
2001.366187542779	3.7080269225467184
2001.45106091718	2.7486141317292074
2001.533196440794	1.654563180267588
2001.618069815195	1.8766366397457794
2001.7029431895962	-1.2389106229198106
2001.7850787132102	-2.0471597995738193
2001.8699520876112	4.75400468549329
2001.9520876112251	6.192257197615425
2002.0369609856264	0.1948440465262209
2002.1218343600274	5.530727668618351
2002.1984941820672	1.4490087787344867
2002.2833675564682	6.344425198410672
2002.3655030800821	5.124990261398647
2002.4503764544831	4.182621474634013
2002.532511978097	4.161880246460215
2002.6173853524983	4.506337300451346
2002.7022587268993	2.5108624025928847
2002.7843942505133	1.6935437831898525
2002.8692676249145	6.035275666328251
2002.9514031485285	1.3463877756565017
2003.0362765229295	-2.4638454523751463
2003.1211498973305	-3.7839438478001064
2003.1978097193703	1.8559835712149555
2003.2826830937713	-3.266418102408725
2003.3648186173853	1.8455368049968224
2003.4496919917865	-1.502427940000691
2003.5318275154004	1.2329976475832618
2003.6167008898015	1.8854643260555939
2003.7015742642027	0.33738713708995505
2003.7837097878166	-2.4359728183726475
2003.8685831622176	0.9846193476637
2003.9507186858316	-3.6432897727520066
2004.0355920602328	-3.249946793622705
2004.1204654346338	-3.1185347596653408
2004.1998631074607	0.36999781529454534
2004.2847364818617	-3.6478582650674163
2004.3668720054757	-5.410622321761753
2004.4517453798767	-4.715767745603719
2004.5338809034909	-5.2412884318234765
2004.6187542778919	-0.985530480234079
2004.7036276522929	-1.3742255643260606
2004.7857631759068	63.89816605186661
2004.870636550308	-4.7482331112901575
2004.952772073922	-0.4850096385509568
2005.037645448323	-4.096035203046533
2005.1225188227243	1.5274861296168858
2005.1991786447638	-6.441787405805308
2005.2840520191648	7.9129720896231355
2005.366187542779	5.058090008102749
2005.45106091718	7.91321050680717
2005.533196440794	7.669795385658518
2005.618069815195	8.1416989718991
2005.7029431895962	3.617622427617299
2005.7850787132102	2.5915139827748135
2005.8699520876112	0.2963192149122351
2005.9520876112251	2.871408375021736
2006.0369609856264	0.5289514455130373
2006.1218343600274	-4.211540893698544
2006.1984941820672	2.0962675372794086
2006.2833675564682	3.300362345551175
2006.3655030800821	7.518158710800503
2006.4503764544831	3.1394835070474962
2006.532511978097	3.5860993779299415
2006.6173853524983	0.4787291442471222
2006.7022587268993	-4.004856057490123
2006.7843942505133	-4.158133157728116
2006.8692676249145	-5.808054478553951
2006.9514031485285	0.6584160644977493
2007.0362765229295	-2.7513420191476072
2007.1211498973305	0.9064386328212315
2007.1978097193703	-1.3691822727486676
2007.2826830937713	5.6490714519964875
2007.3648186173853	2.7048509486545065
2007.4496919917865	3.1065847233637194
2007.5318275154004	2.7252504742739356
2007.6167008898015	0.8130246554928497
2007.7015742642027	-2.4345654919994004
2007.7837097878166	-4.844408639905851
2007.8685831622176	-1.617522986320675
2007.9507186858316	-2.294481484177788
2008.0355920602328	-6.061396798200342
2008.1204654346338	-4.615100578451962
2008.1998631074607	-3.192101164655406
2008.2847364818617	-1.9665604859841643
2008.3668720054757	-0.27080365339627455
2008.4517453798767	-4.276749972929158
2008.5338809034909	-2.292754419982656
2008.6187542778919	-5.418906077234201
2008.7036276522929	-3.6465033963573106
2008.7857631759068	-11.582487710950772
2008.870636550308	-5.764224083809078
2008.952772073922	-6.596061913254936
2009.037645448323	-6.890461167402002
2009.1225188227243	-5.70256967940411
2009.1991786447638	-4.741321249799449
2009.2840520191648	-6.948608997489291
2009.366187542779	-6.08460780302396
2009.45106091718	-5.552986983884969
2009.533196440794	-1.773886927306875
2009.618069815195	-2.6733075673264786
2009.7029431895962	-2.8679151013744004
2009.7850787132102	-6.602656969068448
2009.8699520876112	2.7338783427198523
2009.9520876112251	0.012453706976692125
2010.0369609856264	0.37038878529575214
2010.1218343600274	-0.7931735078342861
2010.1984941820672	-5.38087908823939
2010.2833675564682	-7.5949789315713225
2010.3655030800821	-9.233670436538365
2010.4503764544831	-6.6629856868878985
2010.532511978097	-2.8369124018552148
2010.6173853524983	-0.8081172550601288
2010.7022587268993	3.369144491826283
2010.7843942505133	-5.790415414808194
2010.8692676249145	-3.944297583488644
2010.9514031485285	0.30345550369910423
2011.0362765229295	-10.692671021527978
2011.1211498973305	-9.01242132582745
2011.1978097193703	-8.92428557475062
2011.2826830937713	-9.773004177237826
2011.3648186173853	-7.362596713699009
2011.4496919917865	-3.563228492368855
2011.5318275154004	-3.702541598022207
2011.6167008898015	-7.196122988550119
2011.7015742642027	3.109199576054799
2011.7837097878166	-2.8239876117686435
2011.8685831622176	-6.852837474731625
2011.9507186858316	-5.006036965134819
2012.0355920602328	-5.693433007306787
2012.1204654346338	-6.045450882101864
2012.1998631074607	-3.8403431614205426
2012.2847364818617	-2.482217910910922
2012.3668720054757	-5.870478355086949
2012.4517453798767	-7.625028495420613
2012.5338809034909	-8.47183061474584
2012.6187542778919	-6.605914934961252
2012.7036276522929	2.8969650789844863
2012.7857631759068	-1.9156242694834873
2012.870636550308	-14.008851797966184
2012.952772073922	-10.163936821702201
2013.037645448323	-11.962995728559228
2013.1225188227243	-12.506558136130185
2013.1991786447638	-8.992651625470835
2013.2840520191648	-12.53280604186185
2013.366187542779	-9.680740558303501
2013.45106091718	-11.600742225279012
2013.533196440794	-12.094153650939688
2013.618069815195	-12.127310618249826
2013.7029431895962	-1.92347044500233
2013.7850787132102	-2.9664036121348545
2013.8699520876112	6.906203476997196
2013.9520876112251	10.220824988600533
2014.0369609856264	10.412248292856482
2014.1218343600274	2.2064636190883213
2014.1984941820672	5.377256111307424
2014.2833675564682	1.5812035768973054
2014.3655030800821	5.726147926651333
2014.4503764544831	5.665459747682414
2014.532511978097	4.4287213004229224
2014.6173853524983	2.577384606512137
2014.7022587268993	7.685977987920033
2014.7843942505133	-1.7794967975596592
2014.8692676249145	11.819199769111453
2014.9514031485285	4.862251075026314
2015.0362765229295	11.308320561342505
2015.1211498973305	-2.8825184861668056
2015.1978097193703	-4.937736197309214
2015.2826830937713	-5.211192730094272
2015.3648186173853	-0.46348460832944105
2015.4496919917865	-5.0891612812177325
2015.5318275154004	-4.389434107482656
2015.6167008898015	4.8552180682736115
2015.7015742642027	3.053392462407338
2015.7837097878166	5.887629858018954
2015.8685831622176	0.4136688395460242
2015.9507186858316	5.595218451735298
2016.0355920602328	17.087205687456397
2016.1204654346338	9.285275026177555
2016.1998631074607	2.3751042644217426
2016.2847364818617	-6.828422191764194
2016.3668720054757	-9.476439677871372
2016.4517453798767	-3.3525232120649
2016.5338809034909	-5.656893976867422
2016.6187542778919	-14.709664210168771
2016.7036276522929	-18.51139254125477
2016.7857631759068	-15.3234212242196
2016.870636550308	-4.727961571602047
2016.952772073922	-17.399523941758353
