1995.2826830937713	-0.11039221587308035
1995.3648186173853	5.743598259292934
1995.4496919917865	6.331663008104167
1995.5318275154004	6.971118918716685
1995.6167008898015	-1.062782391397409
1995.7015742642027	6.033731512700307
1995.7837097878166	6.940076223375399
1995.8685831622176	1.3410637064893836
1995.9507186858316	-0.10464796233483131
1996.0355920602328	1.1434934529593264
1996.1204654346338	6.519531651353031
1996.1998631074607	0.08284647862462347
1996.2847364818617	-2.419673088218051
1996.3668720054757	0.7446641691554527
1996.4517453798767	1.364933128724895
1996.5338809034909	2.8631429589388526
1996.6187542778919	1.0912221824246124
1996.7036276522929	1.6934643313038222
1996.7857631759068	0.7133096370716885
1996.870636550308	7.321036545844852
1996.952772073922	-1.9116639773876267
1997.037645448323	-0.448844155378076
1997.1225188227243	6.050693555688053
1997.1991786447638	-1.744763060407359
1997.2840520191648	1.431776639794034
1997.366187542779	5.062275684677456
1997.45106091718	0.57034956968864
1997.533196440794	2.71857785350062
1997.618069815195	1.612559929998465
1997.7029431895962	-2.592699952448619
1997.7850787132102	-3.2158705081919834
1997.8699520876112	-4.11741021433276
1997.9520876112251	-3.3298909347087937
1998.0369609856264	-2.594372948713037
1998.1218343600274	-9.719307617331356
1998.1984941820672	3.59145601193456
1998.2833675564682	-5.587278011466342
1998.3655030800821	-6.111491405166294
1998.4503764544831	-6.396980170835652
1998.532511978097	-7.1624004923703515
1998.6173853524983	-2.8925317669791504
1998.7022587268993	-5.470006890620006
1998.7843942505133	-8.26457465553085
1998.8692676249145	-8.782320053962888
1998.9514031485285	-1.2327789943248826
1999.0362765229295	-0.9133379069039549
1999.1211498973305	-3.3237463990696376
1999.1978097193703	-5.305192633466441
1999.2826830937713	0.43062102494112864
1999.3648186173853	-1.179075681365635
1999.4496919917865	1.8916772559984545
1999.5318275154004	0.0788071072695411
1999.6167008898015	4.688469544561453
1999.7015742642027	-1.1034774258983262
1999.7837097878166	-2.934131273267667
1999.8685831622176	1.1665413065870398
1999.9507186858316	-1.0848700683147507
2000.0355920602328	0.013282576494482612
2000.1204654346338	1.693337722634464
2000.1998631074607	0.75445969502477
2000.2847364818617	0.876082298134488
2000.3668720054757	-0.6101375452648659
2000.4517453798767	4.489545698533854
2000.5338809034909	4.139630070984141
2000.6187542778919	1.2657326613980011
2000.7036276522929	1.9160757586109511
2000.7857631759068	-0.8200861301402256
2000.870636550308	-3.785597117332638
2000.952772073922	-3.796249596360405
2001.037645448323	0.3551204594900881
2001.1225188227243	1.7275507887355381
2001.1991786447638	2.0886915485098774
2001.2840520191648	0.14811885056368723
2001.366187542779	0.21446297248492052
2001.45106091718	0.06834733046134511
2001.533196440794	-0.5472443186642968
2001.618069815195	0.6049972926693634
2001.7029431895962	-1.3103827908885606
2001.7850787132102	-1.5273071613291904
2001.8699520876112	-3.205024035362423
2001.9520876112251	-0.008416263344963149
2002.0369609856264	1.2239478024771486
2002.1218343600274	-0.822460846091122
2002.1984941820672	-0.039033099012095285
2002.2833675564682	0.6306899755942048
2002.3655030800821	2.783339656196926
2002.4503764544831	2.184806938539348
2002.532511978097	6.336877784788386
2002.6173853524983	8.689270154150076
2002.7022587268993	5.747354559575307
2002.7843942505133	6.390639654161532
2002.8692676249145	5.637986390205204
2002.9514031485285	6.630694659468452
2003.0362765229295	0.9188497456839357
2003.1211498973305	4.394721551751285
2003.1978097193703	2.963413790865224
2003.2826830937713	0.9755209654318513
2003.3648186173853	2.4744028218615988
2003.4496919917865	2.7317928329809527
2003.5318275154004	4.71585797435023
2003.6167008898015	4.799852982671805
2003.7015742642027	2.823604635869252
2003.7837097878166	3.3837522182484463
2003.8685831622176	1.6585714503248328
2003.9507186858316	1.3486504275768203
2004.0355920602328	2.900668421678809
2004.1204654346338	0.9096258123866612
2004.1998631074607	1.3915022174551899
2004.2847364818617	-0.27175391020901785
2004.3668720054757	-3.5499994389187357
2004.4517453798767	-1.0882509990827223
2004.5338809034909	-0.7910749995114648
2004.6187542778919	-1.996983870355539
2004.7036276522929	-0.5066022351634629
2004.7857631759068	2.6567605648060635
2004.870636550308	-2.164791853813351
2004.952772073922	0.722229452845375
2005.037645448323	3.694459238939551
2005.1225188227243	-1.4806811372288173
2005.1991786447638	1.400538281603139
2005.2840520191648	3.943742749069852
2005.366187542779	-1.1524085632931251
2005.45106091718	0.23821460760673085
2005.533196440794	-5.3679010950925194
2005.618069815195	-6.557400807229929
2005.7029431895962	-5.965142197932018
2005.7850787132102	-3.058103212354581
2005.8699520876112	-4.719864161400021
2005.9520876112251	-5.98182698893853
2006.0369609856264	-4.4679376688668455
2006.1218343600274	-2.4057747880466884
2006.1984941820672	-3.6834103306099957
2006.2833675564682	-8.863829258109408
2006.3655030800821	-6.297404014266636
2006.4503764544831	-7.939399604429402
2006.532511978097	-6.294848688781484
2006.6173853524983	-3.215135916559152
2006.7022587268993	-6.171863026942027
2006.7843942505133	-6.146684297559659
2006.8692676249145	-3.690098555473507
2006.9514031485285	-5.828273503068169
2007.0362765229295	-10.285362443036767
2007.1211498973305	-9.545683578635067
2007.1978097193703	-7.584969206647593
2007.2826830937713	-6.168692234183627
2007.3648186173853	-3.7249509922634623
2007.4496919917865	-5.574829940427938
2007.5318275154004	-6.239124544799551
2007.6167008898015	-6.7637699688357635
2007.7015742642027	-6.806503720606578
2007.7837097878166	-3.5615059223155185
2007.8685831622176	-6.764929325966061
2007.9507186858316	-10.132962433579642
2008.0355920602328	-6.329528054303857
2008.1204654346338	-3.9344851533420986
2008.1998631074607	-3.386829062299449
2008.2847364818617	-5.688290241385776
2008.3668720054757	-5.052841388381626
2008.4517453798767	-3.4298251911298414
2008.5338809034909	-0.43800092571996085
2008.6187542778919	-1.239849909631662
2008.7036276522929	-2.1759919598949082
2008.7857631759068	-6.045183786390226
2008.870636550308	-2.260338099388302
2008.952772073922	-7.162028519395073
2009.037645448323	-5.811123093671533
2009.1225188227243	-0.44249315657696187
2009.1991786447638	1.5122731486990864
2009.2840520191648	6.1881079643713655
2009.366187542779	1.0698134589534443
2009.45106091718	-1.7842720790998121
2009.533196440794	1.0743954098818458
2009.618069815195	-1.7027038181704803
2009.7029431895962	3.0993958040821425
2009.7850787132102	0.8369420681019619
2009.8699520876112	0.5928051157911414
2009.9520876112251	0.5362092573612136
2010.0369609856264	4.854526558809546
2010.1218343600274	10.076021595811039
2010.1984941820672	8.593668536348623
2010.2833675564682	2.49512946305148
2010.3655030800821	0.6043488748897057
2010.4503764544831	0.30196177519401113
2010.532511978097	1.8204786694643653
2010.6173853524983	2.479390278966971
2010.7022587268993	5.568220190678822
2010.7843942505133	-0.15725863837997167
2010.8692676249145	5.232877938361942
2010.9514031485285	9.276610644575875
2011.0362765229295	4.557641783647803
2011.1211498973305	3.15150575241962
2011.1978097193703	2.6791830817892963
2011.2826830937713	-2.8035331994546233
2011.3648186173853	-2.3535732857357523
2011.4496919917865	-0.5064441009656568
2011.5318275154004	2.016393414795176
2011.6167008898015	3.1241995250302033
2011.7015742642027	0.7290907427418105
2011.7837097878166	0.3658078823109463
2011.8685831622176	-0.9120157078782922
2011.9507186858316	6.475555690047066
2012.0355920602328	9.17816994517353
2012.1204654346338	5.511921211098819
2012.1998631074607	2.3854215900137836
2012.2847364818617	5.935133931015653
2012.3668720054757	-0.7124071947704811
2012.4517453798767	0.9055124477251391
2012.5338809034909	3.5645048535463966
2012.6187542778919	0.6481331740933136
2012.7036276522929	0.5560703798878066
2012.7857631759068	3.241290441515048
2012.870636550308	0.8625099345167273
2012.952772073922	5.7436287720172805
2013.037645448323	2.0998800191214357
2013.1225188227243	-4.258889869833798
2013.1991786447638	0.2848165790274555
2013.2840520191648	-1.0819898873818694
2013.366187542779	0.4579717882503014
2013.45106091718	0.887035007844768
2013.533196440794	-1.8585226618649804
2013.618069815195	-1.0231274212283417
2013.7029431895962	0.09935574976085348
2013.7850787132102	1.2130635890980557
2013.8699520876112	5.593438355537235
2013.9520876112251	4.300129445311348
2014.0369609856264	3.9020622166922365
2014.1218343600274	4.228663011407047
2014.1984941820672	9.905370072527212
2014.2833675564682	10.447050449227017
2014.3655030800821	15.5367248423923
2014.4503764544831	15.347509498964152
2014.532511978097	16.61681913501002
2014.6173853524983	18.85180868259246
2014.7022587268993	8.818508200322377
2014.7843942505133	6.0510781917591885
2014.8692676249145	8.074755875678836
2014.9514031485285	10.011440070387643
2015.0362765229295	7.387378135614661
2015.1211498973305	5.0090129812709385
2015.1978097193703	-1.4211575229928082
2015.2826830937713	3.5025193661200227
2015.3648186173853	-1.4090959660183449
2015.4496919917865	-5.778528098692098
2015.5318275154004	-7.357319124877676
2015.6167008898015	-8.209945544092111
2015.7015742642027	-5.869977898920787
2015.7837097878166	0.2988065395375088
2015.8685831622176	4.39832898816663
2015.9507186858316	8.680474551436227
2016.0355920602328	0.015267172746924018
2016.1204654346338	-5.113858894492001
2016.1998631074607	0.31134684483556097
2016.2847364818617	-4.229252460624057
2016.3668720054757	-2.4237577549587748
2016.4517453798767	-5.093355064024129
2016.5338809034909	-16.171456583678946
2016.6187542778919	-12.431021555749826
2016.7036276522929	1.0422182604420058
2016.7857631759068	3.0662854824086025
2016.870636550308	-1.812081606773556
2016.952772073922	-13.51956769633599
2017.037645448323	-11.71766301066372
2017.1225188227243	-8.157705978537411
2017.1991786447638	-14.173446341352182
