1995.2826830937713	0.23167454895846262
1995.3648186173853	5.324572838150356
1995.4496919917865	3.398232038389049
1995.5318275154004	5.523659846842066
1995.6167008898015	-0.382705077020578
1995.7015742642027	0.8207836672413222
1995.7837097878166	5.616937032701571
1995.8685831622176	6.7651006861646765
1995.9507186858316	-0.21897634673424538
1996.0355920602328	-2.5553190317818846
1996.1204654346338	5.588478608941227
1996.1998631074607	6.4969069818690235
1996.2847364818617	2.8166207045065583
1996.3668720054757	-0.9126360050808449
1996.4517453798767	2.23718124188026
1996.5338809034909	0.5741317189333595
1996.6187542778919	3.420959130437918
1996.7036276522929	4.412548117314564
1996.7857631759068	1.3629697475453213
1996.870636550308	-3.160580428032101
1996.952772073922	3.05106559586219
1997.037645448323	-1.4434415903756346
1997.1225188227243	4.879731698846012
1997.1991786447638	6.614620194835942
1997.2840520191648	-0.2963868409646331
1997.366187542779	3.8187806971896627
1997.45106091718	3.9209529117449144
1997.533196440794	1.9352815068361915
1997.618069815195	2.2340699588375763
1997.7029431895962	-3.003688760126842
1997.7850787132102	-7.2883812274913
1997.8699520876112	-7.625540720013798
1997.9520876112251	-4.1090018432170945
1998.0369609856264	-8.626844605512353
1998.1218343600274	-5.142586425925106
1998.1984941820672	-2.78232066233607
1998.2833675564682	-5.5775133401406585
1998.3655030800821	-4.422294341720249
1998.4503764544831	-5.109138850797811
1998.532511978097	-6.938217409789785
1998.6173853524983	-2.3455338025969787
1998.7022587268993	-6.266840405787242
1998.7843942505133	-6.747528680799405
1998.8692676249145	-6.311985524086178
1998.9514031485285	-1.7573423068554002
1999.0362765229295	-4.2206489649483885
1999.1211498973305	-3.618203834677548
1999.1978097193703	-5.3157622059151715
1999.2826830937713	-2.138497951651889
1999.3648186173853	-1.827567302383091
1999.4496919917865	-1.2136534496442457
1999.5318275154004	-3.234801539123281
1999.6167008898015	2.082763329656668
1999.7015742642027	3.1957893892872207
1999.7837097878166	1.2908853206654385
1999.8685831622176	3.5120346232374304
1999.9507186858316	2.8833977301090163
2000.0355920602328	-5.102487763471338
2000.1204654346338	2.396298213814884
2000.1998631074607	0.2982147494986469
2000.2847364818617	0.632122394417447
2000.3668720054757	2.1612172492373922
2000.4517453798767	1.9645436362131456
2000.5338809034909	2.992810956299082
2000.6187542778919	-0.20871911892121275
2000.7036276522929	-0.9671229794871934
2000.7857631759068	3.2696164760609463
2000.870636550308	1.5211975260694617
2000.952772073922	-5.699897495988091
2001.037645448323	-5.423583230085107
2001.1225188227243	-0.6398903886326259
2001.1991786447638	1.692659215135854
2001.2840520191648	-1.9737626344216643
2001.366187542779	-1.1485809914242286
2001.45106091718	1.6394778446062426
2001.533196440794	-0.6173231684567773
2001.618069815195	1.5272957240658478
2001.7029431895962	0.271032385503041
2001.7850787132102	-2.0139242496470615
2001.8699520876112	-0.5155709103624231
2001.9520876112251	-0.28267583060570534
2002.0369609856264	0.6466844472220217
2002.1218343600274	0.34420566162982524
2002.1984941820672	0.742257432146352
2002.2833675564682	0.637772914742154
2002.3655030800821	3.3458357222903707
2002.4503764544831	1.1783524707659105
2002.532511978097	5.802609584390894
2002.6173853524983	7.796774998815604
2002.7022587268993	5.601480536137807
2002.7843942505133	5.46287666893204
2002.8692676249145	3.37381669721204
2002.9514031485285	6.5379073936908645
2003.0362765229295	-2.417887887067529
2003.1211498973305	6.178779168938785
2003.1978097193703	4.301250652475637
2003.2826830937713	0.9398196905600251
2003.3648186173853	-0.41972943464627455
2003.4496919917865	3.022079046140514
2003.5318275154004	2.4797997391817725
2003.6167008898015	2.3148995791989044
2003.7015742642027	5.049465231572377
2003.7837097878166	2.431741109850009
2003.8685831622176	1.120105950446903
2003.9507186858316	1.1036150176494521
2004.0355920602328	0.8737304601004396
2004.1204654346338	1.6311357458583409
2004.1998631074607	6.919855550928395
2004.2847364818617	3.740164992188138
2004.3668720054757	-1.207673036254551
2004.4517453798767	0.28832399405082265
2004.5338809034909	-1.1301319682004296
2004.6187542778919	-1.8956379736346527
2004.7036276522929	2.000264219914662
2004.7857631759068	1.7495969448109463
2004.870636550308	3.216907708259403
2004.952772073922	1.0658137519328994
2005.037645448323	90.74493388264682
2005.1225188227243	1.494879527901798
2005.1991786447638	3.310222224397939
2005.2840520191648	0.8455070227133454
2005.366187542779	-0.9300465218197365
2005.45106091718	-0.36409652673164805
2005.533196440794	-3.4884131037595116
2005.618069815195	-5.903555497018747
2005.7029431895962	-5.688586182917369
2005.7850787132102	-6.646385797498624
2005.8699520876112	-3.5726392582933313
2005.9520876112251	-14.550238816025931
2006.0369609856264	-7.981195649213525
2006.1218343600274	-5.126725868368954
2006.1984941820672	-7.568293257550914
2006.2833675564682	-5.877610805655795
2006.3655030800821	-7.115506374038365
2006.4503764544831	-6.132461433042684
2006.532511978097	-3.741411455810293
2006.6173853524983	-4.965122088281564
2006.7022587268993	-7.817807145441783
2006.7843942505133	-6.834230073926847
2006.8692676249145	-4.998334916023434
2006.9514031485285	-5.6028911750347214
2007.0362765229295	-8.771040162152978
2007.1211498973305	-6.653665260458798
2007.1978097193703	-5.085282965497691
2007.2826830937713	-4.7331835061562835
2007.3648186173853	-6.392537795699742
2007.4496919917865	-8.419998054136434
2007.5318275154004	-5.8928949915768944
2007.6167008898015	-6.104530438272409
2007.7015742642027	-5.533918328608287
2007.7837097878166	-4.02105773353378
2007.8685831622176	-7.350131483463467
2007.9507186858316	-3.9409644286663132
2008.0355920602328	-10.043146332807275
2008.1204654346338	-5.0971085587986416
2008.1998631074607	-6.999235792951304
2008.2847364818617	-5.65702593627103
2008.3668720054757	-4.294656955398228
2008.4517453798767	-4.512293700803914
2008.5338809034909	0.7180950558779395
2008.6187542778919	-2.6577488923949524
2008.7036276522929	-1.9881925061595567
2008.7857631759068	-2.023091920850675
2008.870636550308	-4.444542200950802
2008.952772073922	-4.707140652421196
2009.037645448323	-5.041249474591943
2009.1225188227243	-4.724269584799618
2009.1991786447638	-3.6907364567086285
2009.2840520191648	1.429006692742032
2009.366187542779	1.782399988972042
2009.45106091718	-0.23215568505684336
2009.533196440794	-1.3897755228879296
2009.618069815195	1.3022824679928497
2009.7029431895962	1.2820101305591933
2009.7850787132102	2.717355123521884
2009.8699520876112	2.138606278510868
2009.9520876112251	2.992849739310066
2010.0369609856264	4.275117197923926
2010.1218343600274	2.5000999411098057
2010.1984941820672	4.266262845201772
2010.2833675564682	2.817544576500577
2010.3655030800821	3.1825189956058004
2010.4503764544831	0.9828551963671068
2010.532511978097	6.416966608822123
2010.6173853524983	5.279271260412283
2010.7022587268993	3.4590988680469863
2010.7843942505133	3.64732491111954
2010.8692676249145	3.4155761881788367
2010.9514031485285	9.63520935368232
2011.0362765229295	-2.0231086817452635
2011.1211498973305	4.347885413979679
2011.1978097193703	1.140070752306264
2011.2826830937713	-3.102072361136752
2011.3648186173853	-0.16229697386136244
2011.4496919917865	-2.2681669040815016
2011.5318275154004	3.957589498817698
2011.6167008898015	-0.2406016434115692
2011.7015742642027	0.32014661279796286
2011.7837097878166	3.290768972398837
2011.8685831622176	-1.3979399518052942
2011.9507186858316	5.655997308012764
2012.0355920602328	-2.230908593244287
2012.1204654346338	0.11906079850116313
2012.1998631074607	-1.4041716297432965
2012.2847364818617	-1.0178710252297698
2012.3668720054757	-0.4848296276699562
2012.4517453798767	-0.8375779434339186
2012.5338809034909	1.416113129913584
2012.6187542778919	0.39138044467742006
2012.7036276522929	0.6907616182911269
2012.7857631759068	-0.03266585731307714
2012.870636550308	-0.26766899385851683
2012.952772073922	5.635439666029732
2013.037645448323	-4.164930543012353
2013.1225188227243	-3.6909033814915126
2013.1991786447638	0.10704453389195745
2013.2840520191648	0.39452063736788645
2013.366187542779	3.6276464827884176
2013.45106091718	2.380327756772838
2013.533196440794	-0.931827315032705
2013.618069815195	0.08473838916594545
2013.7029431895962	0.5252819582569472
2013.7850787132102	0.43318020439346583
2013.8699520876112	4.95290490827161
2013.9520876112251	5.035024197813789
2014.0369609856264	-5.728514870710107
2014.1218343600274	5.1892943819514805
2014.1984941820672	7.169932798548024
2014.2833675564682	8.684173461769742
2014.3655030800821	12.429887569748256
2014.4503764544831	15.001157875428996
2014.532511978097	15.877743474304452
2014.6173853524983	16.241924420507498
2014.7022587268993	9.091022543584096
2014.7843942505133	5.86270462608536
2014.8692676249145	9.058831421943484
2014.9514031485285	4.938023598906319
2015.0362765229295	0.6100814732840334
2015.1211498973305	9.295637293671756
2015.1978097193703	4.2658277312949116
2015.2826830937713	5.670264688109082
2015.3648186173853	-2.8869623772274515
2015.4496919917865	-5.577124480833211
2015.5318275154004	-5.095735796630605
2015.6167008898015	-4.213221534578256
2015.7015742642027	-3.2548388913524278
2015.7837097878166	-3.7918478336314365
2015.8685831622176	5.123177735420048
2015.9507186858316	3.6909573395221633
2016.0355920602328	-5.952151497907373
2016.1204654346338	-2.5644471208103603
2016.1998631074607	-0.9518496235177105
2016.2847364818617	1.134756442879361
2016.3668720054757	-3.3791715733181498
2016.4517453798767	-1.5114144130841871
2016.5338809034909	-14.605675944030509
2016.6187542778919	-12.940229281274728
2016.7036276522929	-1.8831157163035996
2016.7857631759068	1.8323205623646572
2016.870636550308	-4.7826853112260705
2016.952772073922	-11.942184654954154
2017.037645448323	-14.761820038861963
2017.1225188227243	-6.504302696371884
2017.1991786447638	-12.772184058026987
