1995.038878545614;-3.5760668808589715
1995.1237542437848;-15.362580225709362
1995.2004161647137;-4.878038517571523
1995.2852918628846;0.6213626122106772
1995.3674296353083;2.7831708310176593
1995.4523053334794;0.3261016212408405
1995.534443105903;0.13530048271687445
1995.619318804074;16.16662905979948
1995.7041945022452;17.982876090892123
1995.7863322746687;17.774510173686313
1995.8712079728398;4.050149372406767
1995.9533457452635;-2.1956791173662085
1996.0382214434344;-12.786915549449159
1996.1230971416055;-14.491265803016258
1996.2024969882816;-17.801952275848716
1996.2873726864527;-13.668658689502163
1996.3695104588764;-3.0110898547801215
1996.4543861570473;-7.738239085673823
1996.536523929471;-8.588199480808807
1996.6213996276422;0.3106076965113145
1996.706275325813;4.598105116375254
1996.7884130982368;13.202453474142121
1996.873288796408;8.823973754980134
1996.9554265688314;-0.4456441154698867
1997.0403022670025;-5.359480507112576
1997.1251779651736;-2.879565442353024
1997.2018398861023;-3.6578723698849815
1997.2867155842735;0.6874437556606692
1997.368853356697;-1.0366983715440172
1997.453729054868;3.772167325579093
1997.5358668272916;3.327118674852417
1997.6207425254627;5.6759756753225785
1997.7056182236338;9.666829625703858
1997.7877559960573;5.550678888895081
1997.8726316942284;-3.6276841772715587
1997.9547694666521;-11.960980785451365
1998.039645164823;-9.005821240506602
1998.1245208629941;-1.4675573682407874
1998.2011827839228;-6.229473301581575
1998.286058482094;-7.774322503618433
1998.3681962545177;7.170877675153778
1998.4530719526886;-5.940273986570074
1998.5352097251123;-9.079802525601817
1998.6200854232834;-3.876231355033352
1998.7049611214543;0.5431839028377992
1998.787098893878;4.610986890830563
1998.8719745920491;-1.1478328382591743
1998.9541123644726;2.9336659932513696
1999.0389880626437;-2.2373490039254564
1999.1238637608149;7.26491415370302
1999.2005256817436;-3.713745833746626
1999.2854013799147;-0.39819565173192206
1999.3675391523382;2.2055204721172315
1999.4524148505093;2.732169138826893
1999.5345526229328;0.8485654132445317
1999.619428321104;5.531608010270165
1999.704304019275;16.826260904409455
1999.7864417916985;17.222194443084764
1999.8713174898696;3.803953225352333
1999.9534552622933;3.569142217375801
2000.0383309604645;-0.2069820886473197
2000.1232066586354;-9.098594007454349
2000.2026065053117;-4.517840710840656
2000.2874822034826;-7.288404577783777
2000.3696199759063;0.2180102976043683
2000.4544956740774;2.285036141612099
2000.536633446501;6.160408141650723
2000.621509144672;8.624962786771821
2000.7063848428431;14.42741181198554
2000.7885226152666;18.905536713637876
2000.8733983134377;10.810324060358571
2000.9555360858612;-5.105555919371082
2001.0404117840324;-10.984634166024161
2001.1252874822035;-11.331307632289363
2001.2019494031322;-10.467093368432952
2001.2868251013033;-7.6579801043490905
2001.3689628737268;1.561081106402443
2001.453838571898;-5.089906719885303
2001.5359763443216;0.36823104564146814
2001.6208520424925;-0.5601383050899047
2001.7057277406636;9.158727968670892
2001.7878655130874;13.108796882071065
2001.8727412112582;10.95709099862771
2001.954878983682;0.7334629768510323
2002.039754681853;-11.47678096350236
2002.124630380024;-7.471145061216785
2002.201292300953;-4.636870441399052
2002.2861679991238;2.3586637103934747
2002.3683057715475;0.6765561873097878
2002.4531814697186;3.4105806374927026
2002.5353192421421;-2.5013467533509273
2002.6201949403132;8.29026557002263
2002.7050706384844;8.142457040586041
2002.7872084109079;16.808060812391805
2002.872084109079;-1.6587813621382255
2002.9542218815027;-6.583710317872002
2003.0390975796736;-12.976439786515666
2003.1239732778447;-18.991763447783423
2003.2006351987734;-5.399399926326706
2003.2855108969445;2.7550733411689263
2003.367648669368;-5.776983616314365
2003.4525243675391;-8.33023705091281
2003.5346621399628;-13.906489243171645
2003.6195378381337;-12.293637474439574
2003.7044135363049;12.358152749576139
2003.7865513087286;9.686544420756864
2003.8714270068995;3.1704659337182504
2003.9535647793232;-1.0988232916216392
2004.0384404774943;-7.10518856104417
2004.1233161756654;-7.872654614410831
2004.2027160223415;-10.420112428627444
2004.2875917205126;-17.22222280260129
2004.3697294929361;-7.645633188448383
2004.4546051911072;-5.4551172306756515
2004.5367429635307;-5.7792986979703445
2004.6216186617019;-3.8084031319241065
2004.706494359873;4.769696178473995
2004.7886321322965;11.373281734623479
2004.8735078304676;7.931528868712948
2004.9556456028913;-7.147710142097904
2005.0405213010622;3.100990387239025
2005.1253969992333;0.49078452829317865
2005.202058920162;-17.333147046528293
2005.2869346183331;-7.1802056631068725
2005.3690723907569;1.0338590243835908
2005.4539480889277;-0.5078180929641265
2005.5360858613515;-5.36222395058675
2005.6209615595226;4.161687823571728
2005.7058372576935;15.794514002837705
2005.7879750301172;13.001508148946332
2005.8728507282883;-0.9978045945982474
2005.9549885007118;-8.31480950619979
2006.039864198883;-13.773313281498385
2006.124739897054;-13.203725708089305
2006.2014018179827;-10.770222288928462
2006.2862775161539;-10.925525357387496
2006.3684152885774;-0.43784168120427314
2006.4532909867485;-6.116442499123051
2006.535428759172;-9.514731285534335
2006.620304457343;-5.093223741650118
2006.7051801555142;7.151292520203159
2006.7873179279377;5.3748978996654015
2006.8721936261088;1.619900273718403
2006.9543313985325;1.1613766426225167
2007.0392070967036;-2.3467713272194404
2007.1240827948745;-9.93632387872739
2007.2007447158032;-10.690133390388919
2007.2856204139744;-5.983047862909271
2007.367758186398;3.2486880892892342
2007.452633884569;3.0801388198514443
2007.5347716569927;1.8567654067655068
2007.6196473551638;-2.9203689893703
2007.7045230533347;9.827428566851186
2007.7866608257584;10.114685701765584
2007.8715365239295;5.481593939103649
2007.953674296353;-1.1320815658192176
2008.0385499945241;-7.777118799648716
2008.1234256926953;-16.963687283359004
2008.2028255393714;-17.254043114743663
2008.2877012375425;0.7948602313180428
2008.369839009966;-2.5779632156710166
2008.454714708137;-8.066690084896518
2008.5368524805608;-5.119400518387093
2008.6217281787317;2.1354059452195626
2008.7066038769028;17.60407488290267
2008.7887416493265;16.55145983640151
2008.8736173474974;2.9970331812282067
2008.9557551199212;-11.836677161417438
2009.0406308180923;-19.342216221056415
2009.1255065162632;-19.52823821958108
2009.202168437192;-6.976244342885448
2009.287044135363;-11.62217829879327
2009.3691819077867;-5.155921611375644
2009.4540576059578;1.5809616768737298
2009.5361953783813;-2.9049975102762717
2009.6210710765524;-2.4993469243864554
2009.7059467747235;22.489318879880475
2009.788084547147;10.088630648889112
2009.8729602453182;18.220977740921544
2009.9550980177419;7.74258102718787
2010.0399737159128;-7.41571832951112
2010.1248494140839;-5.804719101078345
2010.2015113350126;-8.174971421621276
2010.2863870331837;-12.24710841234727
2010.3685248056072;-8.990466711483432
2010.4534005037783;-10.45841698106332
2010.535538276202;-10.155966622195674
2010.620413974373;1.5655892664571267
2010.705289672544;8.693360793032216
2010.7874274449678;7.873525726236866
2010.8723031431387;0.15477191153960046
2010.9544409155624;-11.88501354809804
2011.0393166137335;-15.595436212978793
2011.1241923119046;-10.89270797129674
2011.2008542328333;-10.506035131774379
2011.2857299310042;-15.165862930379344
2011.367867703428;-6.644177181086971
2011.452743401599;-5.2870415387670535
2011.5348811740225;-0.0060179507355231365
2011.6197568721936;9.063845011033582
2011.7046325703648;9.107212605514096
2011.7867703427883;9.472431498207616
2011.8716460409594;6.441274541058109
2011.9537838133829;-1.7961983805517692
2012.038659511554;-11.816891027055217
2012.123535209725;-6.484784302673771
2012.2029350564012;-6.514756218902304
2012.2878107545723;-0.519123045168354
2012.369948526996;3.5057908618827325
2012.454824225167;12.179278838076161
2012.5369619975907;-1.6326119428495902
2012.6218376957618;-0.38936373349232856
2012.7067133939327;6.907624262013004
2012.7888511663564;6.689229863323734
2012.8737268645275;17.449503647722768
2012.955864636951;3.053117054142521
2013.040740335122;-2.486360562406017
2013.1256160332932;-10.43511342760129
2013.202277954222;-6.509124441444411
2013.287153652393;-3.3724357610563773
2013.3692914248165;-0.9285358017305869
2013.4541671229877;-5.24207905437751
2013.5363048954111;-3.440780868194534
2013.6211805935823;5.286270635761784
2013.7060562917534;7.09454256538348
2013.7881940641769;14.497928577103185
2013.873069762348;10.723020392097997
2013.9552075347717;1.2098571980376702
2014.0400832329428;-3.1689142113546866
2014.1249589311137;2.412029984035061
2014.2016208520424;2.0659974539657098
2014.2864965502135;1.1904409850020867
2014.3686343226373;7.2067881697793466
2014.4535100208082;1.8800000423570138
2014.5356477932319;3.522700699605511
2014.620523491403;9.612595545687245
2014.7053991895739;19.42367504779296
2014.7875369619976;9.938112902082967
2014.8724126601687;11.815558629669713
2014.9545504325922;8.211840944923924
2015.0394261307633;3.570310282148884
2015.1243018289344;3.048321860470341
2015.2009637498631;-2.2256677275518912
2015.2858394480343;-5.021198769472076
2015.3679772204578;4.606018471159504
2015.4528529186289;-4.8290006121615905
2015.5349906910524;-1.7081854170183677
2015.6198663892235;5.377649771608875
2015.7047420873946;9.81305565182166
2015.786879859818;26.31618704143958
2015.8717555579892;17.515049385466146
2015.953893330413;12.375991302170323
2016.0387690285838;2.817926066555546
2016.123644726755;-1.1873153274874229
2016.2030445734313;-1.7582622593264121
2016.2879202716022;5.435362713970707
2016.3700580440259;4.253170895018147
2016.454933742197;10.431944089569615
2016.5370715146205;1.2587691420693856
2016.6219472127916;1.5229160660882455
2016.7068229109627;8.389202761091756
2016.7889606833862;19.45876355711417
2016.8738363815573;17.086737858690785
2016.955974153981;4.665638762154148
