1995.038878545614;-5.944653888362893
1995.1237542437848;-17.076413894235664
1995.2004161647137;3.490617025394261
1995.2852918628846;0.3237815810358986
1995.3674296353083;4.6194385606698205
1995.4523053334794;2.5264302255346713
1995.534443105903;0.1666419388872027
1995.619318804074;21.233379494420547
1995.7041945022452;25.726744592260765
1995.7863322746687;18.616103111478278
1995.8712079728398;4.055921174905809
1995.9533457452635;3.4672393528658816
1996.0382214434344;-9.15799420156127
1996.1230971416055;-17.65145027820225
1996.2024969882816;-16.666467904281323
1996.2873726864527;-15.881159737947502
1996.3695104588764;-5.433346618601952
1996.4543861570473;-5.736738351406089
1996.536523929471;-14.999450584618867
1996.6213996276422;0.1369824096177259
1996.706275325813;4.132605824111991
1996.7884130982368;16.313493296012705
1996.873288796408;11.616602122692733
1996.9554265688314;0.2928453368959756
1997.0403022670025;-8.002871435641733
1997.1251779651736;0.33612355131909033
1997.2018398861023;-3.6104678234117884
1997.2867155842735;2.670410051847295
1997.368853356697;-3.905178058463065
1997.453729054868;4.94895691949997
1997.5358668272916;-0.46624506481507333
1997.6207425254627;5.876713457382966
1997.7056182236338;10.626021463995162
1997.7877559960573;9.20015291853964
1997.8726316942284;-5.855215897860621
1997.9547694666521;-11.219339586760245
1998.039645164823;-5.882753157587505
1998.1245208629941;5.25262745995725
1998.2011827839228;-5.583355754702012
1998.286058482094;-6.929516097345733
1998.3681962545177;0.6983676282515956
1998.4530719526886;-11.435210319297639
1998.5352097251123;-12.828638568139738
1998.6200854232834;-4.50202357673135
1998.7049611214543;-0.6552727216831082
1998.787098893878;5.170830699648189
1998.8719745920491;-3.3282514119525644
1998.9541123644726;-1.199576141947322
1999.0389880626437;-2.7977766575169696
1999.1238637608149;8.10332572126702
1999.2005256817436;-4.18511565768862
1999.2854013799147;-3.782381131987055
1999.3675391523382;5.53658660947718
1999.4524148505093;4.261179023159546
1999.5345526229328;-3.5247995138026447
1999.619428321104;4.7066088527530034
1999.704304019275;17.857052028559096
1999.7864417916985;21.493059021674444
1999.8713174898696;6.915799467728135
1999.9534552622933;2.159407956028115
2000.0383309604645;-4.088174702191893
2000.1232066586354;-8.590234878493085
2000.2026065053117;-3.6585183798554013
2000.2874822034826;-7.263808280690064
2000.3696199759063;-2.2905865758712665
2000.4544956740774;-2.9717560543591084
2000.536633446501;2.03952453562939
2000.621509144672;8.376756287779209
2000.7063848428431;15.726215691701984
2000.7885226152666;20.442481131804136
2000.8733983134377;9.082870078758166
2000.9555360858612;-2.3618434459726103
2001.0404117840324;-14.57621141519072
2001.1252874822035;-11.21288637609521
2001.2019494031322;-8.596207252859699
2001.2868251013033;-10.526216153469491
2001.3689628737268;1.2931926908326792
2001.453838571898;-7.8548946500365915
2001.5359763443216;-1.7905179536803255
2001.6208520424925;-4.840920946926296
2001.7057277406636;12.08316247305159
2001.7878655130874;15.409212937415596
2001.8727412112582;9.266031368748774
2001.954878983682;-0.6725907521088141
2002.039754681853;-20.612770006167413
2002.124630380024;-8.134903744907728
2002.201292300953;-6.7133267786328545
2002.2861679991238;0.11973570964227755
2002.3683057715475;1.0276684246636199
2002.4531814697186;4.030191774573023
2002.5353192421421;-6.186201511210342
2002.6201949403132;9.225607453142693
2002.7050706384844;13.282305014537222
2002.7872084109079;17.93579711219555
2002.872084109079;-2.4872903022782324
2002.9542218815027;-8.474036799418027
2003.0390975796736;-17.892061518848234
2003.1239732778447;-18.103321550546013
2003.2006351987734;-0.4038815558109692
2003.2855108969445;3.511205738062074
2003.367648669368;-3.033725757333915
2003.4525243675391;-8.828489731387034
2003.5346621399628;-19.33524841062335
2003.6195378381337;-13.430164308429337
2003.7044135363049;14.138962016973156
2003.7865513087286;11.036679484307466
2003.8714270068995;7.659530603811927
2003.9535647793232;-4.96616432072765
2004.0384404774943;-10.958500498436962
2004.1233161756654;-3.308852299987585
2004.2027160223415;-7.562231899982773
2004.2875917205126;-17.26030460407204
2004.3697294929361;-11.223693431904657
2004.4546051911072;-7.509272673755717
2004.5367429635307;-8.92767962850185
2004.6216186617019;-6.052358121800449
2004.706494359873;7.825167473443685
2004.7886321322965;14.613711478321779
2004.8735078304676;4.4185182403788446
2004.9556456028913;-10.590772678082526
2005.0405213010622;3.678224698181843
2005.1253969992333;3.791930646652176
2005.202058920162;-16.41909176240228
2005.2869346183331;-5.923678563310663
2005.3690723907569;1.3639690496097818
2005.4539480889277;0.42590281445116296
2005.5360858613515;-6.993327716898023
2005.6209615595226;4.479303241027456
2005.7058372576935;18.68840305296471
2005.7879750301172;15.333062619816197
2005.8728507282883;-3.9912894836089166
2005.9549885007118;-12.125196258522951
2006.039864198883;-10.944479102098658
2006.124739897054;-13.167062007950857
2006.2014018179827;-7.17248041435996
2006.2862775161539;-11.725550975303921
2006.3684152885774;-2.07981969636759
2006.4532909867485;-7.178563719551544
2006.535428759172;-11.945682827309788
2006.620304457343;-2.558954333040319
2006.7051801555142;9.881788863784081
2006.7873179279377;4.841565836683227
2006.8721936261088;2.931123072384679
2006.9543313985325;-0.000329410503340663
2007.0392070967036;-7.284578495032189
2007.1240827948745;-14.105145248837324
2007.2007447158032;-7.441995768116371
2007.2856204139744;-9.283228407891485
2007.367758186398;7.2139930858830645
2007.452633884569;3.6261302159564366
2007.5347716569927;-0.15587081593031393
2007.6196473551638;-2.7928695224391333
2007.7045230533347;16.72019570746126
2007.7866608257584;15.052595105397849
2007.8715365239295;3.057106629044238
2007.953674296353;-6.321613298821415
2008.0385499945241;-12.028911233328209
2008.1234256926953;-18.985967053871565
2008.2028255393714;-17.223345015868507
2008.2877012375425;-0.3444398399247144
2008.369839009966;-3.0585316990032076
2008.454714708137;-14.624299992683575
2008.5368524805608;-8.057037841313019
2008.6217281787317;4.18176339940748
2008.7066038769028;19.595389508217554
2008.7887416493265;19.445012271220975
2008.8736173474974;5.089679794317959
2008.9557551199212;-14.811316144746488
2009.0406308180923;-22.354977606627568
2009.1255065162632;-20.680540605641195
2009.202168437192;-5.915524490614054
2009.287044135363;-11.541283063457119
2009.3691819077867;-3.269567929684868
2009.4540576059578;2.51429664073466
2009.5361953783813;-4.693460943670868
2009.6210710765524;-6.189964237877742
2009.7059467747235;26.006725430254885
2009.788084547147;13.114612744230293
2009.8729602453182;20.158544387293343
2009.9550980177419;11.129188014746628
2010.0399737159128;-5.189821155702411
2010.1248494140839;-7.710237949283648
2010.2015113350126;-4.725075522816557
2010.2863870331837;-12.050949070277838
2010.3685248056072;-9.36888702149805
2010.4534005037783;-13.332696383265507
2010.535538276202;-9.391246855802326
2010.620413974373;2.2985943272887397
2010.705289672544;9.437648956437506
2010.7874274449678;6.187003866074626
2010.8723031431387;6.062309040798009
2010.9544409155624;-12.473092922699824
2011.0393166137335;-16.381450897189808
2011.1241923119046;-12.541042953829006
2011.2008542328333;-3.3042219093467153
2011.2857299310042;-15.38076527819927
2011.367867703428;-4.846160159876799
2011.452743401599;-7.619862670959531
2011.5348811740225;-3.5793127679868633
2011.6197568721936;4.293086415205739
2011.7046325703648;8.289068763697106
2011.7867703427883;7.436854427185203
2011.8716460409594;5.931884482278861
2011.9537838133829;-0.7184043773152953
2012.038659511554;-16.629904068189493
2012.123535209725;-5.895400028309016
2012.2029350564012;-7.919776444799641
2012.2878107545723;-1.2556876067186133
2012.369948526996;4.063963105668012
2012.454824225167;11.70508052021233
2012.5369619975907;-7.397048371577885
2012.6218376957618;0.8913287942840638
2012.7067133939327;5.170727418166955
2012.7888511663564;6.7703558096957615
2012.8737268645275;19.85635226404543
2012.955864636951;-1.2782629938035799
2013.040740335122;-2.0095850212188395
2013.1256160332932;-11.943235528391781
2013.202277954222;-5.659230919496693
2013.287153652393;1.2530279938791862
2013.3692914248165;3.784308667290027
2013.4541671229877;-8.629282392139913
2013.5363048954111;-3.5253164219147806
2013.6211805935823;6.649687148389628
2013.7060562917534;11.501162943708888
2013.7881940641769;17.3723513891767
2013.873069762348;10.910389124635667
2013.9552075347717;-0.010705945541666248
2014.0400832329428;-5.961521261972468
2014.1249589311137;1.0535115593776962
2014.2016208520424;1.6218575667733999
2014.2864965502135;4.903310572803111
2014.3686343226373;3.447637595786791
2014.4535100208082;3.159709547478929
2014.5356477932319;2.690217713744648
2014.620523491403;12.021932258972857
2014.7053991895739;23.308224583977722
2014.7875369619976;9.679094963127689
2014.8724126601687;9.136738270622736
2014.9545504325922;9.798075396863727
2015.0394261307633;4.892824242915751
2015.1243018289344;2.6858945762283213
2015.2009637498631;0.17847423085741787
2015.2858394480343;-2.4649118837534836
2015.3679772204578;6.458558200495347
2015.4528529186289;-7.996096491531745
2015.5349906910524;-1.832816578980289
2015.6198663892235;4.0824093202455956
2015.7047420873946;12.779854585077889
2015.786879859818;30.904492473980284
2015.8717555579892;20.26183955657206
2015.953893330413;12.902097043886297
2016.0387690285838;4.999131318529116
2016.123644726755;-1.6652705446502873
2016.2030445734313;-0.8331149803504128
2016.2879202716022;6.581054427365963
2016.3700580440259;2.953232199102441
2016.454933742197;9.868359904408553
2016.5370715146205;-6.752543263317378
2016.6219472127916;2.719547704674042
2016.7068229109627;8.157354143608831
2016.7889606833862;27.986863808553398
2016.8738363815573;18.81478586660117
2016.955974153981;7.885845638397072
