1995.038878545614;2.5306761674835645
1995.1237542437848;-9.242825259628118
1995.2004161647137;9.359419241569247
1995.2852918628846;5.158975663899544
1995.3674296353083;5.263770306416152
1995.4523053334794;5.027427834103005
1995.534443105903;5.965520895563694
1995.619318804074;18.79878933129036
1995.7041945022452;12.195828952679408
1995.7863322746687;3.9129365803547227
1995.8712079728398;-3.189234901155822
1995.9533457452635;5.423944462278815
1996.0382214434344;-0.6826641457148117
1996.1230971416055;-9.817861643594705
1996.2024969882816;-10.797665688106337
1996.2873726864527;-11.045965655083858
1996.3695104588764;-4.7890148728556206
1996.4543861570473;-3.235740742837755
1996.536523929471;-9.200571627942375
1996.6213996276422;-2.2976077535124575
1996.706275325813;-9.398309815469366
1996.7884130982368;1.61032676488915
1996.873288796408;4.371446046631102
1996.9554265688314;2.2495504463089095
1997.0403022670025;0.47245862020472457
1997.1251779651736;8.169712185926636
1997.2018398861023;2.2583343927631976
1997.2867155842735;7.50560413471094
1997.368853356697;-3.2608463127167338
1997.453729054868;7.449954528068304
1997.5358668272916;5.332633891861418
1997.6207425254627;3.442123294252782
1997.7056182236338;-2.904894175586195
1997.7877559960573;-5.503013612583915
1997.8726316942284;-13.10037197392225
1997.9547694666521;-9.262634477347312
1998.039645164823;2.5925768982589528
1998.1245208629941;13.086216094564795
1998.2011827839228;0.285446461472974
1998.286058482094;-2.0943220144820875
1998.3681962545177;1.342699373997927
1998.4530719526886;-8.934212710729305
1998.5352097251123;-7.029759611463247
1998.6200854232834;-6.936613739861533
1998.7049611214543;-14.186188361264465
1998.787098893878;-9.532335831475367
1998.8719745920491;-10.573407488014194
1998.9541123644726;0.7571289674656119
1999.0389880626437;5.677553398329488
1999.1238637608149;15.936914355874565
1999.2005256817436;1.6836865584863663
1999.2854013799147;1.0528129508765902
1999.3675391523382;6.180918355223511
1999.4524148505093;6.762176631727879
1999.5345526229328;2.2740794428738464
1999.619428321104;2.27201868962282
1999.704304019275;4.326136388977739
1999.7864417916985;6.789892490550889
1999.8713174898696;-0.3293566083334953
1999.9534552622933;4.1161130654410485
2000.0383309604645;4.387155353654565
2000.1232066586354;-0.7566462438855392
2000.2026065053117;2.2102838363195847
2000.2874822034826;-2.428614197826419
2000.3696199759063;-1.6462548301249353
2000.4544956740774;-0.47075844579077447
2000.536633446501;7.838403492305881
2000.621509144672;5.942166124649026
2000.7063848428431;2.1953000521206274
2000.7885226152666;5.739314600680581
2000.8733983134377;1.8377140026965355
2000.9555360858612;-0.4051383365596765
2001.0404117840324;-6.100881359344262
2001.1252874822035;-3.3792977414876635
2001.2019494031322;-2.727405036684713
2001.2868251013033;-5.691022070605846
2001.3689628737268;1.9375244365790105
2001.453838571898;-5.353897041468258
2001.5359763443216;4.008361002996166
2001.6208520424925;-7.275511110056479
2001.7057277406636;-1.4477531665297665
2001.7878655130874;0.7060464062920406
2001.8727412112582;2.020875292687143
2001.954878983682;1.2841143573041198
2002.039754681853;-12.137439950320955
2002.124630380024;-0.30131511030018204
2002.201292300953;-0.8445245624578686
2002.2861679991238;4.954929792505923
2002.3683057715475;1.6720001704099512
2002.4531814697186;6.531189383141356
2002.5353192421421;-0.38732255453385095
2002.6201949403132;6.79101729001251
2002.7050706384844;-0.24861062504413484
2002.7872084109079;3.232630581071996
2002.872084109079;-9.732446378339862
2002.9542218815027;-6.5173316900050935
2003.0390975796736;-9.416731463001776
2003.1239732778447;-10.269732915938468
2003.2006351987734;5.464920660364017
2003.2855108969445;8.346399820925718
2003.367648669368;-2.389394011587584
2003.4525243675391;-6.3274921228187
2003.5346621399628;-13.53636945394686
2003.6195378381337;-15.86475447155952
2003.7044135363049;0.6080463773917995
2003.7865513087286;-3.666487046816089
2003.8714270068995;0.41437452775029643
2003.9535647793232;-3.009459211314716
2004.0384404774943;-2.483170442590504
2004.1233161756654;4.524736334619961
2004.2027160223415;-1.6934296838077874
2004.2875917205126;-12.425110521208396
2004.3697294929361;-10.579361686158325
2004.4546051911072;-5.008275065187384
2004.5367429635307;-3.128800671825358
2004.6216186617019;-8.486948284930632
2004.706494359873;-5.705748166137672
2004.7886321322965;-0.08945505280177629
2004.8735078304676;-2.826637835682786
2004.9556456028913;-8.634067568669593
2005.0405213010622;12.1535547540283
2005.1253969992333;11.625519281259722
2005.202058920162;-10.550289546227296
2005.2869346183331;-1.0884844804470175
2005.3690723907569;2.008300795356113
2005.4539480889277;2.926900423019497
2005.5360858613515;-1.1944487602215315
2005.6209615595226;2.044713077897272
2005.7058372576935;5.157487413383352
2005.7879750301172;0.6298960886926412
2005.8728507282883;-11.236445559670546
2005.9549885007118;-10.168491149110018
2006.039864198883;-2.4691490462522
2006.124739897054;-5.3334733733433115
2006.2014018179827;-1.3036781981849739
2006.2862775161539;-6.890356892440276
2006.3684152885774;-1.4354879506212588
2006.4532909867485;-4.677566110983211
2006.535428759172;-6.146803870633297
2006.620304457343;-4.993544496170502
2006.7051801555142;-3.649126775797276
2006.7873179279377;-9.861600694440328
2006.8721936261088;-4.314033003676951
2006.9543313985325;1.9563756989095933
2007.0392070967036;1.1907515608142685
2007.1240827948745;-6.2715566142297785
2007.2007447158032;-1.5731935519413849
2007.2856204139744;-4.44803432502784
2007.367758186398;7.858324831629396
2007.452633884569;6.12712782452477
2007.5347716569927;5.643008140746177
2007.6196473551638;-5.2274596855693165
2007.7045230533347;3.1892800678799045
2007.7866608257584;0.3494285742742936
2007.8715365239295;-4.188049447017392
2007.953674296353;-4.364908189408482
2008.0385499945241;-3.5535811774817514
2008.1234256926953;-11.15237841926402
2008.2028255393714;-11.35454279969352
2008.2877012375425;4.490754242938931
2008.369839009966;-2.4141999532568765
2008.454714708137;-12.123302384115242
2008.5368524805608;-2.2581588846365275
2008.6217281787317;1.747173236277296
2008.7066038769028;6.064473868636197
2008.7887416493265;4.741845740097419
2008.8736173474974;-2.1554762817436712
2008.9557551199212;-12.854611035333555
2009.0406308180923;-13.87964755078111
2009.1255065162632;-12.846951971033649
2009.202168437192;-0.04672227443906779
2009.287044135363;-6.706088980593473
2009.3691819077867;-2.625236183938537
2009.4540576059578;5.015294249302993
2009.5361953783813;1.1054180130056235
2009.6210710765524;-8.624554401007925
2009.7059467747235;12.475809790673528
2009.788084547147;-1.5885537868932627
2009.8729602453182;12.913388311231714
2009.9550980177419;13.085893124159561
2010.0399737159128;3.2855089001440465
2010.1248494140839;0.12335068532389754
2010.2015113350126;1.1437266933584294
2010.2863870331837;-7.215754987414193
2010.3685248056072;-8.724555275751719
2010.4534005037783;-10.831698774697173
2010.535538276202;-3.5923678991258345
2010.620413974373;-0.13599583584144387
2010.705289672544;-4.093266683143851
2010.7874274449678;-8.51616266504893
2010.8723031431387;-1.1828470352636211
2010.9544409155624;-10.51638781328689
2011.0393166137335;-7.90612084134335
2011.1241923119046;-4.70745431922146
2011.2008542328333;2.5645803068282707
2011.2857299310042;-10.545571195335626
2011.367867703428;-4.201828414130468
2011.452743401599;-5.1188650623911975
2011.5348811740225;2.219566188689628
2011.6197568721936;1.8584962520755552
2011.7046325703648;-5.241846875884251
2011.7867703427883;-7.266312103938352
2011.8716460409594;-1.31327159378277
2011.9537838133829;1.2383007320976387
2012.038659511554;-8.154574012343035
2012.123535209725;1.9381886062985298
2012.2029350564012;-2.0509742286246553
2012.2878107545723;3.579506476145032
2012.369948526996;4.708294851414344
2012.454824225167;14.206078128780664
2012.5369619975907;-1.5981694149013936
2012.6218376957618;-1.5432613688461196
2012.7067133939327;-8.360188221414402
2012.7888511663564;-7.932810721427794
2012.8737268645275;12.6111961879838
2012.955864636951;0.6784421156093541
2013.040740335122;6.465745034627618
2013.1256160332932;-4.109646893784236
2013.202277954222;0.20957129667829305
2013.287153652393;6.088222076742832
2013.3692914248165;4.428640413036359
2013.4541671229877;-6.12828478357158
2013.5363048954111;2.2735625347617106
2013.6211805935823;4.215096985259445
2013.7060562917534;-2.029752695872469
2013.7881940641769;2.6691848580531445
2013.873069762348;3.665233048574037
2013.9552075347717;1.9459991638712677
2014.0400832329428;2.5138087938739897
2014.1249589311137;8.887100193985242
2014.2016208520424;7.490659782948386
2014.2864965502135;9.738504655666755
2014.3686343226373;4.091969341533122
2014.4535100208082;5.660707156047263
2014.5356477932319;8.489096670421139
2014.620523491403;9.587342095842674
2014.7053991895739;9.777308944396365
2014.7875369619976;-5.0240715679958665
2014.8724126601687;1.8915821945611055
2014.9545504325922;11.75478050627666
2015.0394261307633;13.368154298762208
2015.1243018289344;10.519483210835867
2015.2009637498631;6.047276447032404
2015.2858394480343;2.3702821991101617
2015.3679772204578;7.102889946241678
2015.4528529186289;-5.495098882963411
2015.5349906910524;3.9660623776962023
2015.6198663892235;1.647819157115412
2015.7047420873946;-0.7510610545034684
2015.786879859818;16.20132594285673
2015.8717555579892;13.01668348051043
2015.953893330413;14.85880215329923
2016.0387690285838;13.474461374375574
2016.123644726755;6.168318089957259
2016.2030445734313;5.0356872358245734
2016.2879202716022;11.416248510229607
2016.3700580440259;3.597563944848772
2016.454933742197;12.369357512976887
2016.5370715146205;-0.9536643066408867
2016.6219472127916;0.2849575415438586
2016.7068229109627;-5.373561495972526
2016.7889606833862;13.283697277429843
2016.8738363815573;11.56962979053954
2016.955974153981;9.842550747810005
